Patient Name: EQUIPO 4 2025, QA
Patient ID: Eq4-2025
Plan: PerfDiag
Course: C-Fisica
Date: Friday, August 07, 2026 2:42:33 PM
Exported by: paberbuj

Start: (-29.79, -27.56, -29.57)
End:   (30.02, -27.56, 29.79)

	Campo 1
-42.148017	0.846356
-42.123012	0.855794
-42.098007	0.864293
-42.073001	0.871853
-42.047996	0.878057
-42.022990	0.881897
-41.997985	0.885753
-41.972980	0.889622
-41.947974	0.893507
-41.922969	0.897405
-41.897963	0.901461
-41.872958	0.905676
-41.847953	0.909925
-41.822947	0.914211
-41.797942	0.918532
-41.772936	0.922888
-41.747931	0.927280
-41.722926	0.931707
-41.697920	0.936171
-41.672915	0.940715
-41.647909	0.945274
-41.622904	0.949848
-41.597898	0.954436
-41.572893	0.959038
-41.547888	0.963544
-41.522882	0.967950
-41.497877	0.972405
-41.472871	0.976910
-41.447866	0.981464
-41.422861	0.986067
-41.397855	0.990719
-41.372850	0.995421
-41.347844	1.000172
-41.322839	1.005001
-41.297834	1.009875
-41.272828	1.014785
-41.247823	1.019730
-41.222817	1.024712
-41.197812	1.029908
-41.172807	1.035470
-41.147801	1.041081
-41.122796	1.046742
-41.097790	1.052452
-41.072785	1.058211
-41.047780	1.064019
-41.022774	1.069877
-40.997769	1.075784
-40.972763	1.081760
-40.947758	1.087787
-40.922752	1.093850
-40.897747	1.099948
-40.872742	1.106082
-40.847736	1.112198
-40.822731	1.118180
-40.797725	1.124162
-40.772720	1.130145
-40.747715	1.136127
-40.722709	1.142109
-40.697704	1.148092
-40.672698	1.154074
-40.647693	1.160056
-40.622688	1.166105
-40.597682	1.172277
-40.572677	1.178485
-40.547671	1.184728
-40.522666	1.191006
-40.497661	1.197394
-40.472655	1.204128
-40.447650	1.210877
-40.422644	1.217639
-40.397639	1.224417
-40.372633	1.231209
-40.347628	1.238015
-40.322623	1.244836
-40.297617	1.251671
-40.272612	1.258510
-40.247606	1.265334
-40.222601	1.272195
-40.197596	1.279092
-40.172590	1.286024
-40.147585	1.293036
-40.122579	1.300472
-40.097574	1.307923
-40.072569	1.315388
-40.047563	1.322867
-40.022558	1.330361
-39.997552	1.337869
-39.972547	1.345392
-39.947542	1.352930
-39.922536	1.360485
-39.897531	1.368255
-39.872525	1.376012
-39.847520	1.383755
-39.822514	1.391485
-39.797509	1.399199
-39.772504	1.406782
-39.747498	1.414379
-39.722493	1.421990
-39.697487	1.429616
-39.672482	1.437255
-39.647477	1.444909
-39.622471	1.452577
-39.597466	1.460259
-39.572460	1.467955
-39.547455	1.475892
-39.522450	1.483923
-39.497444	1.492005
-39.472439	1.500137
-39.447433	1.508319
-39.422428	1.517074
-39.397423	1.525872
-39.372417	1.534669
-39.347412	1.543467
-39.322406	1.552265
-39.297401	1.561063
-39.272396	1.569861
-39.247390	1.578659
-39.222385	1.587457
-39.197379	1.596190
-39.172374	1.604926
-39.147368	1.613711
-39.122363	1.622545
-39.097358	1.631428
-39.072352	1.640744
-39.047347	1.650182
-39.022341	1.659669
-38.997336	1.669205
-38.972331	1.678791
-38.947325	1.688426
-38.922320	1.698110
-38.897314	1.707843
-38.872309	1.717626
-38.847304	1.727473
-38.822298	1.737379
-38.797293	1.747321
-38.772287	1.757297
-38.747282	1.767310
-38.722277	1.777429
-38.697271	1.787587
-38.672266	1.797759
-38.647260	1.807946
-38.622255	1.818147
-38.597249	1.828362
-38.572244	1.838591
-38.547239	1.848834
-38.522233	1.859092
-38.497228	1.869389
-38.472222	1.879793
-38.447217	1.890232
-38.422212	1.900706
-38.397206	1.911216
-38.372201	1.921963
-38.347195	1.932826
-38.322190	1.943704
-38.297185	1.954596
-38.272179	1.965503
-38.247174	1.976424
-38.222168	1.987360
-38.197163	1.998310
-38.172158	2.009274
-38.147152	2.020253
-38.122147	2.031259
-38.097141	2.042328
-38.072136	2.053461
-38.047130	2.064658
-38.022125	2.075873
-37.997120	2.087099
-37.972114	2.098362
-37.947109	2.109660
-37.922103	2.120995
-37.897098	2.132366
-37.872093	2.143773
-37.847087	2.155217
-37.822082	2.166697
-37.797076	2.178213
-37.772071	2.189743
-37.747066	2.201318
-37.722060	2.212942
-37.697055	2.224615
-37.672049	2.236514
-37.647044	2.248640
-37.622039	2.260815
-37.597033	2.273040
-37.572028	2.285314
-37.547022	2.297639
-37.522017	2.310013
-37.497012	2.322436
-37.472006	2.334910
-37.447001	2.347433
-37.421995	2.359874
-37.396990	2.372226
-37.371984	2.384543
-37.346979	2.396824
-37.321974	2.409165
-37.296968	2.421678
-37.271963	2.434254
-37.246957	2.446895
-37.221952	2.459601
-37.196947	2.472371
-37.171941	2.485206
-37.146936	2.498105
-37.121930	2.511069
-37.096925	2.524097
-37.071920	2.537254
-37.046914	2.550554
-37.021909	2.563923
-36.996903	2.577363
-36.971898	2.590766
-36.946893	2.603981
-36.921887	2.617210
-36.896882	2.630454
-36.871876	2.643713
-36.846871	2.656986
-36.821865	2.670273
-36.796860	2.683575
-36.771855	2.696892
-36.746849	2.710223
-36.721844	2.723548
-36.696838	2.736860
-36.671833	2.750221
-36.646828	2.763631
-36.621822	2.777200
-36.596817	2.791161
-36.571811	2.805173
-36.546806	2.819234
-36.521801	2.833345
-36.496795	2.847507
-36.471790	2.861719
-36.446784	2.875980
-36.421779	2.890292
-36.396774	2.904653
-36.371768	2.919049
-36.346763	2.933313
-36.321757	2.947591
-36.296752	2.961883
-36.271746	2.976294
-36.246741	2.991312
-36.221736	3.006379
-36.196730	3.021495
-36.171725	3.036661
-36.146719	3.051875
-36.121714	3.067140
-36.096709	3.082453
-36.071703	3.097816
-36.046698	3.113228
-36.021692	3.128689
-35.996687	3.144042
-35.971682	3.159413
-35.946676	3.174818
-35.921671	3.190220
-35.896665	3.205126
-35.871660	3.220060
-35.846655	3.235022
-35.821649	3.250012
-35.796644	3.265031
-35.771638	3.280077
-35.746633	3.295152
-35.721628	3.310255
-35.696622	3.325387
-35.671617	3.340546
-35.646611	3.355795
-35.621606	3.371135
-35.596600	3.386545
-35.571595	3.402026
-35.546590	3.417449
-35.521584	3.432885
-35.496579	3.448333
-35.471573	3.463796
-35.446568	3.479272
-35.421563	3.494763
-35.396557	3.510266
-35.371552	3.525784
-35.346546	3.541316
-35.321541	3.556861
-35.296536	3.572531
-35.271530	3.588387
-35.246525	3.604344
-35.221519	3.620399
-35.196514	3.636909
-35.171509	3.653511
-35.146503	3.670162
-35.121498	3.686863
-35.096492	3.703614
-35.071487	3.720415
-35.046481	3.737266
-35.021476	3.754166
-34.996471	3.771116
-34.971465	3.788116
-34.946460	3.805104
-34.921454	3.821988
-34.896449	3.838887
-34.871444	3.855799
-34.846438	3.872440
-34.821433	3.889093
-34.796427	3.905831
-34.771422	3.922653
-34.746417	3.939561
-34.721411	3.956553
-34.696406	3.973630
-34.671400	3.990792
-34.646395	4.008039
-34.621390	4.025370
-34.596384	4.042794
-34.571379	4.060336
-34.546373	4.077927
-34.521368	4.095570
-34.496362	4.113906
-34.471357	4.132504
-34.446352	4.151117
-34.421346	4.169744
-34.396341	4.188385
-34.371335	4.207041
-34.346330	4.225712
-34.321325	4.244397
-34.296319	4.263096
-34.271314	4.281810
-34.246308	4.300538
-34.221303	4.319664
-34.196298	4.338901
-34.171292	4.358225
-34.146287	4.377475
-34.121281	4.396664
-34.096276	4.415867
-34.071271	4.435085
-34.046265	4.454317
-34.021260	4.473563
-33.996254	4.492824
-33.971249	4.512100
-33.946244	4.531390
-33.921238	4.550694
-33.896233	4.570013
-33.871227	4.589283
-33.846222	4.608605
-33.821216	4.628014
-33.796211	4.647267
-33.771206	4.666334
-33.746200	4.685387
-33.721195	4.704426
-33.696189	4.723450
-33.671184	4.742460
-33.646179	4.761455
-33.621173	4.780435
-33.596168	4.799402
-33.571162	4.818353
-33.546157	4.837291
-33.521152	4.856215
-33.496146	4.875186
-33.471141	4.894221
-33.446135	4.913594
-33.421130	4.933327
-33.396125	4.953109
-33.371119	4.972940
-33.346114	4.992820
-33.321108	5.012750
-33.296103	5.032728
-33.271097	5.052755
-33.246092	5.072831
-33.221087	5.092957
-33.196081	5.113131
-33.171076	5.133256
-33.146070	5.153214
-33.121065	5.173172
-33.096060	5.192734
-33.071054	5.211725
-33.046049	5.230815
-33.021043	5.250005
-32.996038	5.269294
-32.971033	5.288682
-32.946027	5.308170
-32.921022	5.327757
-32.896016	5.347443
-32.871011	5.367228
-32.846006	5.387113
-32.821000	5.407108
-32.795995	5.427228
-32.770989	5.447398
-32.745984	5.467959
-32.720978	5.489357
-32.695973	5.510769
-32.670968	5.532196
-32.645962	5.553637
-32.620957	5.575093
-32.595951	5.596563
-32.570946	5.618048
-32.545941	5.639547
-32.520935	5.661061
-32.495930	5.682589
-32.470924	5.704132
-32.445919	5.725646
-32.420914	5.747222
-32.395908	5.768831
-32.370903	5.790373
-32.345897	5.811950
-32.320892	5.833563
-32.295887	5.855212
-32.270881	5.876896
-32.245876	5.898615
-32.220870	5.920370
-32.195865	5.942161
-32.170860	5.963987
-32.145854	5.985849
-32.120849	6.007746
-32.095843	6.029929
-32.070838	6.052246
-32.045832	6.074488
-32.020827	6.095822
-31.995822	6.117221
-31.970816	6.138684
-31.945811	6.160212
-31.920805	6.181804
-31.895800	6.203461
-31.870795	6.225183
-31.845789	6.246968
-31.820784	6.268819
-31.795778	6.290734
-31.770773	6.312713
-31.745768	6.334762
-31.720762	6.356868
-31.695757	6.379089
-31.670751	6.402947
-31.645746	6.426906
-31.620741	6.450965
-31.595735	6.475124
-31.570730	6.499383
-31.545724	6.523743
-31.520719	6.548202
-31.495713	6.572761
-31.470708	6.597420
-31.445703	6.622179
-31.420697	6.647039
-31.395692	6.671978
-31.370686	6.696950
-31.345681	6.721972
-31.320676	6.746601
-31.295670	6.771259
-31.270665	6.795967
-31.245659	6.820726
-31.220654	6.845534
-31.195649	6.870394
-31.170643	6.895303
-31.145638	6.920263
-31.120632	6.945273
-31.095627	6.970334
-31.070622	6.995445
-31.045616	7.020604
-31.020611	7.045864
-30.995605	7.071272
-30.970600	7.095337
-30.945594	7.119231
-30.920589	7.143177
-30.895584	7.167174
-30.870578	7.191221
-30.845573	7.215320
-30.820567	7.239470
-30.795562	7.263671
-30.770557	7.287923
-30.745551	7.312225
-30.720546	7.336579
-30.695540	7.360984
-30.670535	7.384849
-30.645530	7.408742
-30.620524	7.433589
-30.595519	7.458862
-30.570513	7.484319
-30.545508	7.509961
-30.520503	7.535788
-30.495497	7.561800
-30.470492	7.587997
-30.445486	7.614379
-30.420481	7.640945
-30.395476	7.667697
-30.370470	7.694633
-30.345465	7.721754
-30.320459	7.748838
-30.295454	7.775945
-30.270448	7.801390
-30.245443	7.826232
-30.220438	7.851238
-30.195432	7.876407
-30.170427	7.901741
-30.145421	7.927238
-30.120416	7.952899
-30.095411	7.978724
-30.070405	8.004713
-30.045400	8.030866
-30.020394	8.057182
-29.995389	8.083662
-29.970384	8.110465
-29.945378	8.137519
-29.920373	8.165873
-29.895367	8.195093
-29.870362	8.224441
-29.845357	8.253918
-29.820351	8.283524
-29.795346	8.313259
-29.770340	8.343122
-29.745335	8.373114
-29.720329	8.403235
-29.695324	8.433484
-29.670319	8.463862
-29.645313	8.494369
-29.620308	8.525442
-29.595302	8.557351
-29.570297	8.590538
-29.545292	8.625159
-29.520286	8.660385
-29.495281	8.696216
-29.470275	8.732653
-29.445270	8.769695
-29.420265	8.807342
-29.395259	8.845594
-29.370254	8.884452
-29.345248	8.923915
-29.320243	8.963983
-29.295238	9.004656
-29.270232	9.046587
-29.245227	9.091486
-29.220221	9.143177
-29.195216	9.205722
-29.170210	9.272470
-29.145205	9.343419
-29.120200	9.418570
-29.095194	9.497923
-29.070189	9.581477
-29.045183	9.669234
-29.020178	9.761192
-28.995173	9.857352
-28.970167	9.957715
-28.945162	10.062279
-28.920156	10.171661
-28.895151	10.303400
-28.870146	10.447470
-28.845140	10.608012
-28.820135	10.773697
-28.795129	10.944525
-28.770124	11.120495
-28.745119	11.301607
-28.720113	11.487862
-28.695108	11.679260
-28.670102	11.875800
-28.645097	12.077482
-28.620092	12.284307
-28.595086	12.496274
-28.570081	12.713384
-28.545075	12.944434
-28.520070	13.181457
-28.495064	13.422389
-28.470059	13.663861
-28.445054	13.905870
-28.420048	14.148419
-28.395043	14.391506
-28.370037	14.635132
-28.345032	14.879296
-28.320027	15.124000
-28.295021	15.369241
-28.270016	15.615022
-28.245010	15.861341
-28.220005	16.108199
-28.195000	16.349851
-28.169994	16.586284
-28.144989	16.813591
-28.119983	17.040330
-28.094978	17.266499
-28.069973	17.492100
-28.044967	17.717133
-28.019962	17.941597
-27.994956	18.165492
-27.969951	18.388819
-27.944945	18.611577
-27.919940	18.833767
-27.894935	19.055388
-27.869929	19.276441
-27.844924	19.494203
-27.819918	19.707781
-27.794913	19.915230
-27.769908	20.122815
-27.744902	20.330534
-27.719897	20.538389
-27.694891	20.746379
-27.669886	20.954504
-27.644881	21.162765
-27.619875	21.371160
-27.594870	21.579691
-27.569864	21.788357
-27.544859	21.997158
-27.519854	22.206094
-27.494848	22.413639
-27.469843	22.616694
-27.444837	22.811714
-27.419832	23.006360
-27.394826	23.200630
-27.369821	23.394526
-27.344816	23.588046
-27.319810	23.781191
-27.294805	23.973961
-27.269799	24.166356
-27.244794	24.358376
-27.219789	24.550021
-27.194783	24.741291
-27.169778	24.932185
-27.144772	25.122607
-27.119767	25.311751
-27.094762	25.501197
-27.069756	25.691453
-27.044751	25.882542
-27.019745	26.074462
-26.994740	26.267215
-26.969735	26.460800
-26.944729	26.655217
-26.919724	26.850466
-26.894718	27.046547
-26.869713	27.243460
-26.844708	27.441206
-26.819702	27.639784
-26.794697	27.839193
-26.769691	28.047504
-26.744686	28.269766
-26.719680	28.498707
-26.694675	28.732434
-26.669670	28.970947
-26.644664	29.214246
-26.619659	29.462332
-26.594653	29.715204
-26.569648	29.972861
-26.544643	30.235305
-26.519637	30.502536
-26.494632	30.774552
-26.469626	31.051355
-26.444621	31.332943
-26.419616	31.661218
-26.394610	32.070094
-26.369605	32.513205
-26.344599	32.974319
-26.319594	33.453437
-26.294589	33.950559
-26.269583	34.465683
-26.244578	34.998811
-26.219572	35.549942
-26.194567	36.119077
-26.169561	36.706215
-26.144556	37.311356
-26.119551	37.934501
-26.094545	38.575649
-26.069540	39.324810
-26.044534	40.325095
-26.019529	41.428041
-25.994524	42.568960
-25.969518	43.747853
-25.944513	44.964719
-25.919507	46.219558
-25.894502	47.512371
-25.869497	48.843156
-25.844491	50.211915
-25.819486	51.618648
-25.794480	53.063353
-25.769475	54.546032
-25.744470	56.066684
-25.719464	57.704969
-25.694459	59.722384
-25.669453	61.880768
-25.644448	64.067625
-25.619442	66.282955
-25.594437	68.526759
-25.569432	70.799036
-25.544426	73.099786
-25.519421	75.429010
-25.494415	77.786706
-25.469410	80.172876
-25.444405	82.587519
-25.419399	85.030636
-25.394394	87.502225
-25.369388	90.005011
-25.344383	92.550261
-25.319378	95.085218
-25.294372	97.599774
-25.269367	100.093928
-25.244361	102.567681
-25.219356	105.021032
-25.194351	107.453982
-25.169345	109.866531
-25.144340	112.258678
-25.119334	114.630424
-25.094329	116.981768
-25.069324	119.312711
-25.044318	121.623252
-25.019313	123.913392
-24.994307	125.793557
-24.969302	127.428488
-24.944296	129.018099
-24.919291	130.562392
-24.894286	132.061365
-24.869280	133.515020
-24.844275	134.923355
-24.819269	136.286372
-24.794264	137.604070
-24.769259	138.876449
-24.744253	140.103509
-24.719248	141.285250
-24.694242	142.421672
-24.669237	143.512775
-24.644232	144.294326
-24.619226	144.807199
-24.594221	145.301430
-24.569215	145.777020
-24.544210	146.233969
-24.519205	146.672276
-24.494199	147.091942
-24.469194	147.492966
-24.444188	147.875349
-24.419183	148.239091
-24.394177	148.584191
-24.369172	148.910649
-24.344167	149.218467
-24.319161	149.507642
-24.294156	149.739958
-24.269150	149.902575
-24.244145	150.061839
-24.219140	150.217750
-24.194134	150.370309
-24.169129	150.519515
-24.144123	150.665368
-24.119118	150.807868
-24.094113	150.947016
-24.069107	151.082811
-24.044102	151.215253
-24.019096	151.344343
-23.994091	151.470080
-23.969086	151.592464
-23.944080	151.703733
-23.919075	151.788907
-23.894069	151.872774
-23.869064	151.955334
-23.844058	152.036587
-23.819053	152.116534
-23.794048	152.195173
-23.769042	152.272505
-23.744037	152.348530
-23.719031	152.423248
-23.694026	152.496659
-23.669021	152.568763
-23.644015	152.639560
-23.619010	152.709051
-23.594004	152.776061
-23.568999	152.832023
-23.543994	152.887792
-23.518988	152.943368
-23.493983	152.998751
-23.468977	153.053940
-23.443972	153.108936
-23.418967	153.163740
-23.393961	153.218349
-23.368956	153.272766
-23.343950	153.326990
-23.318945	153.381020
-23.293940	153.434857
-23.268934	153.488501
-23.243929	153.541952
-23.218923	153.590708
-23.193918	153.639021
-23.168912	153.687050
-23.143907	153.734794
-23.118902	153.782253
-23.093896	153.829428
-23.068891	153.876318
-23.043885	153.922923
-23.018880	153.969244
-22.993875	154.015280
-22.968869	154.061031
-22.943864	154.106498
-22.918858	154.151680
-22.893853	154.196577
-22.868848	154.237251
-22.843842	154.276735
-22.818837	154.315913
-22.793831	154.354786
-22.768826	154.393354
-22.743821	154.431618
-22.718815	154.469576
-22.693810	154.507229
-22.668804	154.544577
-22.643799	154.581621
-22.618793	154.618359
-22.593788	154.654792
-22.568783	154.690920
-22.543777	154.726743
-22.518772	154.760573
-22.493766	154.793551
-22.468761	154.826414
-22.443756	154.859165
-22.418750	154.891802
-22.393745	154.924325
-22.368739	154.956735
-22.343734	154.989032
-22.318729	155.021215
-22.293723	155.053284
-22.268718	155.085240
-22.243712	155.117082
-22.218707	155.148811
-22.193702	155.180426
-22.168696	155.209701
-22.143691	155.236712
-22.118685	155.263474
-22.093680	155.289988
-22.068674	155.316255
-22.043669	155.342273
-22.018664	155.368043
-21.993658	155.393565
-21.968653	155.418839
-21.943647	155.443864
-21.918642	155.468642
-21.893637	155.493171
-21.868631	155.517453
-21.843626	155.541486
-21.818620	155.562921
-21.793615	155.580937
-21.768610	155.598769
-21.743604	155.616417
-21.718599	155.633881
-21.693593	155.651161
-21.668588	155.668258
-21.643583	155.685170
-21.618577	155.701899
-21.593572	155.718443
-21.568566	155.734804
-21.543561	155.750981
-21.518556	155.766974
-21.493550	155.782783
-21.468545	155.797660
-21.443539	155.811109
-21.418534	155.824495
-21.393528	155.837831
-21.368523	155.851116
-21.343518	155.864352
-21.318512	155.877538
-21.293507	155.890674
-21.268501	155.903760
-21.243496	155.916796
-21.218491	155.929781
-21.193485	155.942717
-21.168480	155.955603
-21.143474	155.968439
-21.118469	155.981334
-21.093464	155.994333
-21.068458	156.007401
-21.043453	156.020561
-21.018447	156.033812
-20.993442	156.047155
-20.968437	156.060589
-20.943431	156.074114
-20.918426	156.087731
-20.893420	156.101440
-20.868415	156.115240
-20.843409	156.129131
-20.818404	156.143114
-20.793399	156.157188
-20.768393	156.170968
-20.743388	156.183765
-20.718382	156.196174
-20.693377	156.208385
-20.668372	156.220398
-20.643366	156.232211
-20.618361	156.243825
-20.593355	156.255241
-20.568350	156.266458
-20.543345	156.277476
-20.518339	156.288296
-20.493334	156.298916
-20.468328	156.309338
-20.443323	156.319561
-20.418318	156.329344
-20.393312	156.337679
-20.368307	156.344749
-20.343301	156.351549
-20.318296	156.358080
-20.293290	156.364342
-20.268285	156.370335
-20.243280	156.376059
-20.218274	156.381514
-20.193269	156.386699
-20.168263	156.391615
-20.143258	156.396262
-20.118253	156.400640
-20.093247	156.404749
-20.068242	156.408127
-20.043236	156.409164
-20.018231	156.408672
-19.993226	156.408146
-19.968220	156.407586
-19.943215	156.406991
-19.918209	156.406361
-19.893204	156.405697
-19.868199	156.404998
-19.843193	156.404265
-19.818188	156.403497
-19.793182	156.402694
-19.768177	156.401857
-19.743172	156.400986
-19.718166	156.400036
-19.693161	156.398788
-19.668155	156.397511
-19.643150	156.396169
-19.618144	156.394764
-19.593139	156.393296
-19.568134	156.391764
-19.543128	156.390169
-19.518123	156.388510
-19.493117	156.386788
-19.468112	156.385002
-19.443107	156.383153
-19.418101	156.381240
-19.393096	156.379264
-19.368090	156.377211
-19.343085	156.374752
-19.318080	156.371881
-19.293074	156.368807
-19.268069	156.365597
-19.243063	156.362253
-19.218058	156.358775
-19.193053	156.355162
-19.168047	156.351414
-19.143042	156.347532
-19.118036	156.343515
-19.093031	156.339364
-19.068025	156.335078
-19.043020	156.330657
-19.018015	156.326102
-18.993009	156.322018
-18.968004	156.319853
-18.942998	156.318789
-18.917993	156.317718
-18.892988	156.316640
-18.867982	156.315555
-18.842977	156.314464
-18.817971	156.313367
-18.792966	156.312262
-18.767961	156.311151
-18.742955	156.310034
-18.717950	156.308910
-18.692944	156.307779
-18.667939	156.306642
-18.642934	156.310556
-18.617928	156.318385
-18.592923	156.330072
-18.567917	156.341779
-18.542912	156.353508
-18.517907	156.365258
-18.492901	156.377028
-18.467896	156.388820
-18.442890	156.400633
-18.417885	156.412467
-18.392879	156.424322
-18.367874	156.436198
-18.342869	156.448095
-18.317863	156.460014
-18.292858	156.475554
-18.267852	156.492522
-18.242847	156.510703
-18.217842	156.528522
-18.192836	156.545977
-18.167831	156.563071
-18.142825	156.579801
-18.117820	156.596169
-18.092815	156.612175
-18.067809	156.627818
-18.042804	156.643098
-18.017798	156.658015
-17.992793	156.672570
-17.967788	156.686763
-17.942782	156.699938
-17.917777	156.712395
-17.892771	156.723839
-17.867766	156.734850
-17.842760	156.745428
-17.817755	156.755573
-17.792750	156.765286
-17.767744	156.774565
-17.742739	156.783413
-17.717733	156.791827
-17.692728	156.799809
-17.667723	156.807358
-17.642717	156.814474
-17.617712	156.821158
-17.592706	156.826846
-17.567701	156.831695
-17.542696	156.835244
-17.517690	156.838178
-17.492685	156.840629
-17.467679	156.842598
-17.442674	156.844084
-17.417669	156.845087
-17.392663	156.845607
-17.367658	156.845645
-17.342652	156.845200
-17.317647	156.844272
-17.292641	156.842861
-17.267636	156.840968
-17.242631	156.838058
-17.217625	156.834196
-17.192620	156.829243
-17.167614	156.823620
-17.142609	156.817664
-17.117604	156.811375
-17.092598	156.804752
-17.067593	156.797795
-17.042587	156.790506
-17.017582	156.782883
-16.992577	156.774926
-16.967571	156.766636
-16.942566	156.758013
-16.917560	156.749057
-16.892555	156.739899
-16.867550	156.730665
-16.842544	156.721173
-16.817539	156.711392
-16.792533	156.701363
-16.767528	156.691085
-16.742523	156.680558
-16.717517	156.669782
-16.692512	156.658758
-16.667506	156.647484
-16.642501	156.635962
-16.617495	156.624191
-16.592490	156.612171
-16.567485	156.599903
-16.542479	156.587517
-16.517474	156.575228
-16.492468	156.562673
-16.467463	156.549661
-16.442458	156.536649
-16.417452	156.523637
-16.392447	156.510625
-16.367441	156.497612
-16.342436	156.484600
-16.317431	156.471588
-16.292425	156.458576
-16.267420	156.445564
-16.242414	156.432552
-16.217409	156.419540
-16.192404	156.406490
-16.167398	156.393429
-16.142393	156.380454
-16.117387	156.366960
-16.092382	156.353595
-16.067376	156.340358
-16.042371	156.327250
-16.017366	156.314271
-15.992360	156.301421
-15.967355	156.288699
-15.942349	156.276106
-15.917344	156.263642
-15.892339	156.251306
-15.867333	156.239099
-15.842328	156.227026
-15.817322	156.215229
-15.792317	156.203765
-15.767312	156.191994
-15.742306	156.180415
-15.717301	156.169098
-15.692295	156.158044
-15.667290	156.147252
-15.642285	156.136723
-15.617279	156.126457
-15.592274	156.116453
-15.567268	156.106712
-15.542263	156.097233
-15.517257	156.088017
-15.492252	156.079032
-15.467247	156.070094
-15.442241	156.061589
-15.417236	156.053440
-15.392230	156.045710
-15.367225	156.038434
-15.342220	156.031612
-15.317214	156.025245
-15.292209	156.019331
-15.267203	156.013871
-15.242198	156.008866
-15.217193	156.004314
-15.192187	156.000217
-15.167182	155.996573
-15.142176	155.993379
-15.117171	155.989847
-15.092166	155.986755
-15.067160	155.983916
-15.042155	155.981258
-15.017149	155.978934
-14.992144	155.976944
-14.967139	155.975288
-14.942133	155.973966
-14.917128	155.972978
-14.892122	155.972324
-14.867117	155.972004
-14.842111	155.972018
-14.817106	155.972366
-14.792101	155.973048
-14.767095	155.973372
-14.742090	155.973908
-14.717084	155.974026
-14.692079	155.972833
-14.667074	155.971760
-14.642068	155.970806
-14.617063	155.969972
-14.592057	155.969258
-14.567052	155.968663
-14.542047	155.968188
-14.517041	155.967833
-14.492036	155.967597
-14.467030	155.967481
-14.442025	155.967485
-14.417020	155.963275
-14.392014	155.958181
-14.367009	155.952357
-14.342003	155.941591
-14.316998	155.930760
-14.291992	155.919866
-14.266987	155.908907
-14.241982	155.897883
-14.216976	155.886796
-14.191971	155.875644
-14.166965	155.864429
-14.141960	155.853149
-14.116955	155.841805
-14.091949	155.830396
-14.066944	155.814667
-14.041938	155.797525
-14.016933	155.780412
-13.991928	155.759784
-13.966922	155.739101
-13.941917	155.718632
-13.916911	155.698376
-13.891906	155.678334
-13.866901	155.658504
-13.841895	155.638888
-13.816890	155.619485
-13.791884	155.600296
-13.766879	155.581319
-13.741873	155.562556
-13.716868	155.543795
-13.691863	155.525265
-13.666857	155.507096
-13.641852	155.488925
-13.616846	155.471035
-13.591841	155.453564
-13.566836	155.436512
-13.541830	155.419878
-13.516825	155.403662
-13.491819	155.387865
-13.466814	155.372487
-13.441809	155.357527
-13.416803	155.342986
-13.391798	155.328863
-13.366792	155.315067
-13.341787	155.301661
-13.316782	155.288724
-13.291776	155.276385
-13.266771	155.264572
-13.241765	155.253164
-13.216760	155.242159
-13.191755	155.231558
-13.166749	155.221362
-13.141744	155.211570
-13.116738	155.202181
-13.091733	155.193197
-13.066727	155.184616
-13.041722	155.176440
-13.016717	155.168694
-12.991711	155.161353
-12.966706	155.154381
-12.941700	155.147547
-12.916695	155.140632
-12.891690	155.134051
-12.866684	155.127803
-12.841679	155.121889
-12.816673	155.116309
-12.791668	155.111062
-12.766663	155.106149
-12.741657	155.101570
-12.716652	155.097324
-12.691646	155.093412
-12.666641	155.089444
-12.641636	155.085237
-12.616630	155.081364
-12.591625	155.077557
-12.566619	155.072620
-12.541614	155.067916
-12.516608	155.063446
-12.491603	155.059211
-12.466598	155.055209
-12.441592	155.051441
-12.416587	155.047907
-12.391581	155.044607
-12.366576	155.041541
-12.341571	155.038708
-12.316565	155.034712
-12.291560	155.027881
-12.266554	155.021150
-12.241549	155.014519
-12.216544	155.003305
-12.191538	154.992008
-12.166533	154.980789
-12.141527	154.969648
-12.116522	154.958585
-12.091517	154.947599
-12.066511	154.936692
-12.041506	154.925863
-12.016500	154.915112
-11.991495	154.904439
-11.966489	154.892832
-11.941484	154.878061
-11.916479	154.863488
-11.891473	154.849115
-11.866468	154.832356
-11.841462	154.815066
-11.816457	154.798004
-11.791452	154.781169
-11.766446	154.764562
-11.741441	154.748182
-11.716435	154.732029
-11.691430	154.716104
-11.666425	154.700406
-11.641419	154.684936
-11.616414	154.669485
-11.591408	154.653130
-11.566403	154.637124
-11.541398	154.621465
-11.516392	154.605894
-11.491387	154.590539
-11.466381	154.575603
-11.441376	154.561085
-11.416371	154.546986
-11.391365	154.533306
-11.366360	154.520045
-11.341354	154.507202
-11.316349	154.494779
-11.291343	154.482774
-11.266338	154.471223
-11.241333	154.460637
-11.216327	154.450483
-11.191322	154.440761
-11.166316	154.431558
-11.141311	154.422912
-11.116306	154.414686
-11.091300	154.406878
-11.066295	154.399489
-11.041289	154.392518
-11.016284	154.385967
-10.991279	154.379834
-10.966273	154.374120
-10.941268	154.368825
-10.916262	154.363949
-10.891257	154.359251
-10.866252	154.354896
-10.841246	154.350891
-10.816241	154.347165
-10.791235	154.343504
-10.766230	154.340191
-10.741224	154.337225
-10.716219	154.334606
-10.691214	154.332335
-10.666208	154.330411
-10.641203	154.328835
-10.616197	154.327606
-10.591192	154.326724
-10.566187	154.326190
-10.541181	154.325009
-10.516176	154.324027
-10.491170	154.323365
-10.466165	154.323019
-10.441160	154.321518
-10.416154	154.320201
-10.391149	154.319067
-10.366143	154.318117
-10.341138	154.317351
-10.316133	154.316768
-10.291127	154.316369
-10.266122	154.316153
-10.241116	154.316121
-10.216111	154.316273
-10.191105	154.313616
-10.166100	154.310327
-10.141095	154.307123
-10.116089	154.304005
-10.091084	154.296828
-10.066078	154.288638
-10.041073	154.280398
-10.016068	154.272107
-9.991062	154.263767
-9.966057	154.255376
-9.941051	154.246936
-9.916046	154.238445
-9.891041	154.229905
-9.866035	154.221314
-9.841030	154.208547
-9.816024	154.194137
-9.791019	154.179707
-9.766014	154.165254
-9.741008	154.147812
-9.716003	154.128666
-9.690997	154.109705
-9.665992	154.090928
-9.640987	154.072337
-9.615981	154.053930
-9.590976	154.035709
-9.565970	154.017672
-9.540965	153.999820
-9.515959	153.982153
-9.490954	153.963210
-9.465949	153.943668
-9.440943	153.924388
-9.415938	153.905371
-9.390932	153.886220
-9.365927	153.866842
-9.340922	153.847799
-9.315916	153.829090
-9.290911	153.810715
-9.265905	153.792675
-9.240900	153.774969
-9.215895	153.757597
-9.190889	153.740560
-9.165884	153.723857
-9.140878	153.707237
-9.115873	153.690727
-9.090868	153.674530
-9.065862	153.658647
-9.040857	153.642934
-9.015851	153.627078
-8.990846	153.611570
-8.965840	153.596409
-8.940835	153.581595
-8.915830	153.567129
-8.890824	153.553010
-8.865819	153.539239
-8.840813	153.525815
-8.815808	153.512739
-8.790803	153.500001
-8.765797	153.487663
-8.740792	153.475759
-8.715786	153.464288
-8.690781	153.453235
-8.665776	153.442123
-8.640770	153.431294
-8.615765	153.420749
-8.590759	153.410487
-8.565754	153.400509
-8.540749	153.390815
-8.515743	153.381404
-8.490738	153.372277
-8.465732	153.363434
-8.440727	153.354599
-8.415721	153.345600
-8.390716	153.336899
-8.365711	153.328496
-8.340705	153.320392
-8.315700	153.311863
-8.290694	153.303289
-8.265689	153.294786
-8.240684	153.286353
-8.215678	153.277990
-8.190673	153.269698
-8.165667	153.261476
-8.140662	153.253324
-8.115657	153.245243
-8.090651	153.236961
-8.065646	153.227975
-8.040640	153.218888
-8.015635	153.209701
-7.990630	153.200414
-7.965624	153.191245
-7.940619	153.182011
-7.915613	153.172578
-7.890608	153.162946
-7.865603	153.153116
-7.840597	153.143087
-7.815592	153.132859
-7.790586	153.122432
-7.765581	153.111806
-7.740575	153.101081
-7.715570	153.090575
-7.690565	153.079921
-7.665559	153.069116
-7.640554	153.058163
-7.615548	153.047363
-7.590543	153.036662
-7.565538	153.025664
-7.540532	153.014368
-7.515527	153.002773
-7.490521	152.990881
-7.465516	152.978690
-7.440511	152.966201
-7.415505	152.953414
-7.390500	152.940343
-7.365494	152.927136
-7.340489	152.913729
-7.315484	152.900124
-7.290478	152.886319
-7.265473	152.872239
-7.240467	152.857673
-7.215462	152.842795
-7.190456	152.827603
-7.165451	152.812098
-7.140446	152.796279
-7.115440	152.780147
-7.090435	152.763702
-7.065429	152.746944
-7.040424	152.729859
-7.015419	152.712099
-6.990413	152.694090
-6.965408	152.675832
-6.940402	152.657326
-6.915397	152.638567
-6.890392	152.619470
-6.865386	152.600060
-6.840381	152.580337
-6.815375	152.560301
-6.790370	152.539951
-6.765365	152.519289
-6.740359	152.498314
-6.715354	152.477026
-6.690348	152.455425
-6.665343	152.433551
-6.640337	152.411394
-6.615332	152.388954
-6.590327	152.366230
-6.565321	152.343223
-6.540316	152.320171
-6.515310	152.296921
-6.490305	152.273443
-6.465300	152.249737
-6.440294	152.225803
-6.415289	152.201641
-6.390283	152.177251
-6.365278	152.152632
-6.340273	152.127786
-6.315267	152.103117
-6.290262	152.078280
-6.265256	152.053209
-6.240251	152.027903
-6.215246	152.002363
-6.190240	151.976980
-6.165235	151.951545
-6.140229	151.925883
-6.115224	151.899993
-6.090219	151.873875
-6.065213	151.847529
-6.040208	151.820956
-6.015202	151.794155
-5.990197	151.767126
-5.965191	151.740744
-5.940186	151.714383
-5.915181	151.687788
-5.890175	151.660959
-5.865170	151.633896
-5.840164	151.607734
-5.815159	151.582602
-5.790154	151.557371
-5.765148	151.532042
-5.740143	151.506614
-5.715137	151.481087
-5.690132	151.455461
-5.665127	151.429737
-5.640121	151.403914
-5.615116	151.379901
-5.590110	151.356650
-5.565105	151.333301
-5.540100	151.309852
-5.515094	151.286304
-5.490089	151.263403
-5.465083	151.242180
-5.440078	151.220921
-5.415072	151.199627
-5.390067	151.178298
-5.365062	151.156933
-5.340056	151.135533
-5.315051	151.114098
-5.290045	151.092628
-5.265040	151.072510
-5.240035	151.053326
-5.215029	151.034178
-5.190024	151.015065
-5.165018	150.995988
-5.140013	150.977076
-5.115008	150.959290
-5.090002	150.941589
-5.064997	150.923973
-5.039991	150.906442
-5.014986	150.888996
-4.989981	150.871634
-4.964975	150.854358
-4.939970	150.837166
-4.914964	150.820293
-4.889959	150.803724
-4.864953	150.787240
-4.839948	150.770840
-4.814943	150.754525
-4.789937	150.738295
-4.764932	150.722202
-4.739926	150.706184
-4.714921	150.690238
-4.689916	150.674362
-4.664910	150.658557
-4.639905	150.642822
-4.614899	150.627159
-4.589894	150.611566
-4.564889	150.595977
-4.539883	150.580344
-4.514878	150.564747
-4.489872	150.549184
-4.464867	150.533657
-4.439862	150.518165
-4.414856	150.502557
-4.389851	150.486871
-4.364845	150.471156
-4.339840	150.455412
-4.314835	150.439639
-4.289829	150.423837
-4.264824	150.408006
-4.239818	150.392147
-4.214813	150.376081
-4.189807	150.359606
-4.164802	150.343031
-4.139797	150.326357
-4.114791	150.309584
-4.089786	150.292712
-4.064780	150.275216
-4.039775	150.257142
-4.014770	150.238953
-3.989764	150.220650
-3.964759	150.202233
-3.939753	150.183701
-3.914748	150.165054
-3.889743	150.146293
-3.864737	150.127241
-3.839732	150.107611
-3.814726	150.087931
-3.789721	150.068201
-3.764716	150.048422
-3.739710	150.028593
-3.714705	150.008756
-3.689699	149.988954
-3.664694	149.969109
-3.639688	149.949222
-3.614683	149.929291
-3.589678	149.909317
-3.564672	149.889300
-3.539667	149.869239
-3.514661	149.849175
-3.489656	149.829228
-3.464651	149.809195
-3.439645	149.789077
-3.414640	149.768874
-3.389634	149.748586
-3.364629	149.728235
-3.339624	149.707928
-3.314618	149.687522
-3.289613	149.667016
-3.264607	149.646412
-3.239602	149.625708
-3.214597	149.604905
-3.189591	149.584004
-3.164586	149.563025
-3.139580	149.542187
-3.114575	149.521285
-3.089569	149.500318
-3.064564	149.479287
-3.039559	149.458192
-3.014553	149.437032
-2.989548	149.416021
-2.964542	149.394923
-2.939537	149.373726
-2.914532	149.352430
-2.889526	149.331036
-2.864521	149.309542
-2.839515	149.287948
-2.814510	149.266257
-2.789505	149.244723
-2.764499	149.223125
-2.739494	149.201462
-2.714488	149.179735
-2.689483	149.157943
-2.664478	149.136087
-2.639472	149.114336
-2.614467	149.092545
-2.589461	149.070654
-2.564456	149.048665
-2.539451	149.026577
-2.514445	149.004389
-2.489440	148.982103
-2.464434	148.959717
-2.439429	148.937365
-2.414423	148.914910
-2.389418	148.892342
-2.364413	148.869659
-2.339407	148.846863
-2.314402	148.823951
-2.289396	148.801056
-2.264391	148.778119
-2.239386	148.755033
-2.214380	148.731798
-2.189375	148.708414
-2.164369	148.684880
-2.139364	148.661198
-2.114359	148.637367
-2.089353	148.613629
-2.064348	148.589779
-2.039342	148.565765
-2.014337	148.541588
-1.989332	148.517248
-1.964326	148.492745
-1.939321	148.468206
-1.914315	148.443738
-1.889310	148.419135
-1.864304	148.394397
-1.839299	148.369524
-1.814294	148.344517
-1.789288	148.319374
-1.764283	148.294097
-1.739277	148.269085
-1.714272	148.244020
-1.689267	148.218757
-1.664261	148.193294
-1.639256	148.167633
-1.614250	148.141773
-1.589245	148.116120
-1.564240	148.092161
-1.539234	148.068052
-1.514229	148.043794
-1.489223	148.019385
-1.464218	147.994828
-1.439213	147.970120
-1.414207	147.945263
-1.389202	147.922777
-1.364196	147.901434
-1.339191	147.879929
-1.314185	147.858261
-1.289180	147.836429
-1.264175	147.814435
-1.239169	147.792278
-1.214164	147.774111
-1.189158	147.755869
-1.164153	147.737493
-1.139148	147.718982
-1.114142	147.700336
-1.089137	147.681555
-1.064131	147.662639
-1.039126	147.646070
-1.014121	147.631164
-0.989115	147.616057
-0.964110	147.600751
-0.939104	147.585245
-0.914099	147.569539
-0.889094	147.553634
-0.864088	147.539951
-0.839083	147.526703
-0.814077	147.513258
-0.789072	147.499614
-0.764067	147.485772
-0.739061	147.471732
-0.714056	147.457494
-0.689050	147.444196
-0.664045	147.431870
-0.639039	147.419309
-0.614034	147.406514
-0.589029	147.393484
-0.564023	147.380220
-0.539018	147.366721
-0.514012	147.355695
-0.489007	147.346310
-0.464002	147.336775
-0.438996	147.327090
-0.413991	147.317255
-0.388985	147.307270
-0.363980	147.297135
-0.338975	147.289588
-0.313969	147.286079
-0.288964	147.282570
-0.263958	147.279061
-0.238953	147.275553
-0.213948	147.272044
-0.188942	147.268535
-0.163937	147.267881
-0.138931	147.271390
-0.113926	147.274899
-0.088920	147.278408
-0.063915	147.281916
-0.038910	147.285425
-0.013904	147.288934
0.011101	147.294576
0.036107	147.304747
0.061112	147.314767
0.086117	147.324637
0.111123	147.334358
0.136128	147.343928
0.161134	147.353348
0.186139	147.363577
0.211144	147.377132
0.236150	147.390451
0.261155	147.403536
0.286161	147.416387
0.311166	147.429002
0.336171	147.441383
0.361177	147.454110
0.386182	147.468538
0.411188	147.482718
0.436193	147.496650
0.461199	147.510334
0.486204	147.523770
0.511209	147.536958
0.536215	147.549965
0.561220	147.565918
0.586226	147.581670
0.611231	147.597223
0.636236	147.612576
0.661242	147.627730
0.686247	147.642683
0.711253	147.658090
0.736258	147.677188
0.761263	147.696101
0.786269	147.714829
0.811274	147.733373
0.836280	147.751731
0.861285	147.769905
0.886290	147.787894
0.911296	147.809336
0.936301	147.831368
0.961307	147.853238
0.986312	147.874945
1.011317	147.896488
1.036323	147.917869
1.061328	147.939309
1.086334	147.964201
1.111339	147.988944
1.136345	148.013537
1.161350	148.037980
1.186355	148.062273
1.211361	148.086417
1.236366	148.110412
1.261372	148.135590
1.286377	148.161387
1.311382	148.187035
1.336388	148.212535
1.361393	148.237885
1.386399	148.263087
1.411404	148.288140
1.436409	148.313484
1.461415	148.338691
1.486420	148.363749
1.511426	148.388657
1.536431	148.413417
1.561436	148.438027
1.586442	148.462487
1.611447	148.486971
1.636453	148.511512
1.661458	148.535891
1.686464	148.560106
1.711469	148.584157
1.736474	148.608046
1.761480	148.631771
1.786485	148.655604
1.811491	148.679321
1.836496	148.702889
1.861501	148.726309
1.886507	148.749579
1.911512	148.772700
1.936518	148.795672
1.961523	148.818520
1.986528	148.841295
2.011534	148.863921
2.036539	148.886397
2.061545	148.908723
2.086550	148.930900
2.111555	148.952926
2.136561	148.975136
2.161566	148.997356
2.186572	149.019513
2.211577	149.041606
2.236583	149.063636
2.261588	149.085602
2.286593	149.107505
2.311599	149.129362
2.336604	149.151421
2.361610	149.173345
2.386615	149.195133
2.411620	149.216785
2.436626	149.238302
2.461631	149.259683
2.486637	149.281179
2.511642	149.302701
2.536647	149.324159
2.561653	149.345554
2.586658	149.366885
2.611664	149.388153
2.636669	149.409358
2.661674	149.430498
2.686680	149.452015
2.711685	149.473517
2.736691	149.494933
2.761696	149.516264
2.786701	149.537509
2.811707	149.558668
2.836712	149.579773
2.861718	149.600798
2.886723	149.621724
2.911729	149.642551
2.936734	149.663279
2.961739	149.683907
2.986745	149.704436
3.011750	149.724866
3.036756	149.745197
3.061761	149.765431
3.086766	149.785564
3.111772	149.805599
3.136777	149.825534
3.161783	149.845369
3.186788	149.865260
3.211793	149.885248
3.236799	149.905221
3.261804	149.925179
3.286810	149.945123
3.311815	149.965053
3.336820	149.984968
3.361826	150.004869
3.386831	150.024701
3.411837	150.044397
3.436842	150.063995
3.461848	150.083493
3.486853	150.102892
3.511858	150.122193
3.536864	150.141122
3.561869	150.159656
3.586875	150.178124
3.611880	150.196527
3.636885	150.214865
3.661891	150.233138
3.686896	150.251345
3.711902	150.269488
3.736907	150.287306
3.761912	150.304378
3.786918	150.321337
3.811923	150.338182
3.836929	150.354913
3.861934	150.371531
3.886939	150.387757
3.911945	150.403441
3.936950	150.419075
3.961956	150.434658
3.986961	150.450192
4.011967	150.465676
4.036972	150.481110
4.061977	150.496494
4.086983	150.511823
4.111988	150.527093
4.136994	150.542384
4.161999	150.557696
4.187004	150.573029
4.212010	150.588383
4.237015	150.603768
4.262021	150.619249
4.287026	150.634828
4.312031	150.650507
4.337037	150.666285
4.362042	150.682161
4.387048	150.698137
4.412053	150.714212
4.437058	150.730386
4.462064	150.746796
4.487069	150.763260
4.512075	150.779759
4.537080	150.796294
4.562085	150.812865
4.587091	150.829613
4.612096	150.846986
4.637102	150.864429
4.662107	150.881942
4.687113	150.899526
4.712118	150.917180
4.737123	150.934905
4.762129	150.952700
4.787134	150.970565
4.812140	150.989237
4.837145	151.008239
4.862150	151.027255
4.887156	151.046285
4.912161	151.065330
4.937167	151.084656
4.962172	151.106059
4.987177	151.127447
5.012183	151.148822
5.037188	151.170182
5.062194	151.191528
5.087199	151.212860
5.112204	151.234178
5.137210	151.255481
5.162215	151.278325
5.187221	151.302578
5.212226	151.326746
5.237232	151.350829
5.262237	151.374827
5.287242	151.398804
5.312248	151.424826
5.337253	151.450663
5.362259	151.476315
5.387264	151.501783
5.412269	151.527067
5.437275	151.552165
5.462280	151.577080
5.487286	151.601809
5.512291	151.627075
5.537296	151.653703
5.562302	151.680168
5.587307	151.706470
5.612313	151.732610
5.637318	151.758587
5.662323	151.785909
5.687329	151.813078
5.712334	151.839997
5.737340	151.866667
5.762345	151.893087
5.787351	151.919259
5.812356	151.945182
5.837361	151.970855
5.862367	151.996320
5.887372	152.021844
5.912378	152.047169
5.937383	152.072295
5.962388	152.097222
5.987394	152.121950
6.012399	152.146795
6.037405	152.171467
6.062410	152.195911
6.087415	152.220126
6.112421	152.244114
6.137426	152.267874
6.162432	152.291405
6.187437	152.314709
6.212442	152.337784
6.237448	152.360773
6.262453	152.383523
6.287459	152.406025
6.312464	152.428277
6.337469	152.450281
6.362475	152.471810
6.387480	152.493011
6.412486	152.513948
6.437491	152.534621
6.462497	152.555032
6.487502	152.575179
6.512507	152.595063
6.537513	152.614684
6.562518	152.634041
6.587524	152.652877
6.612529	152.671360
6.637534	152.689580
6.662540	152.707537
6.687545	152.725231
6.712551	152.742421
6.737556	152.759205
6.762561	152.775691
6.787567	152.791878
6.812572	152.807765
6.837578	152.823353
6.862583	152.838642
6.887588	152.853632
6.912594	152.868323
6.937599	152.882344
6.962605	152.895789
6.987610	152.908972
7.012616	152.921891
7.037621	152.934548
7.062626	152.946965
7.087632	152.959174
7.112637	152.971169
7.137643	152.982951
7.162648	152.994519
7.187653	153.005873
7.212659	153.017014
7.237664	153.027941
7.262670	153.038655
7.287675	153.049480
7.312680	153.060693
7.337686	153.071707
7.362691	153.082523
7.387697	153.093141
7.412702	153.103793
7.437707	153.114467
7.462713	153.124942
7.487718	153.135218
7.512724	153.145295
7.537729	153.155173
7.562735	153.164852
7.587740	153.174331
7.612745	153.183612
7.637751	153.192775
7.662756	153.202214
7.687762	153.211540
7.712767	153.220752
7.737772	153.229850
7.762778	153.238587
7.787783	153.247010
7.812789	153.255502
7.837794	153.264063
7.862799	153.272694
7.887805	153.281395
7.912810	153.290166
7.937816	153.299006
7.962821	153.307916
7.987826	153.316896
8.012832	153.324739
8.037837	153.332776
8.062843	153.341047
8.087848	153.349553
8.112853	153.358060
8.137859	153.366451
8.162864	153.375224
8.187870	153.384381
8.212875	153.393920
8.237881	153.403843
8.262886	153.414148
8.287891	153.424837
8.312897	153.435908
8.337902	153.447363
8.362908	153.458672
8.387913	153.470155
8.412918	153.481958
8.437924	153.494081
8.462929	153.506429
8.487935	153.518873
8.512940	153.531716
8.537945	153.544956
8.562951	153.558594
8.587956	153.572630
8.612962	153.587064
8.637967	153.601895
8.662972	153.617125
8.687978	153.632753
8.712983	153.648724
8.737989	153.664949
8.762994	153.681436
8.788000	153.698187
8.813005	153.715056
8.838010	153.731515
8.863016	153.748287
8.888021	153.765371
8.913027	153.782768
8.938032	153.800477
8.963037	153.818499
8.988043	153.836833
9.013048	153.855481
9.038054	153.874440
9.063059	153.893451
9.088064	153.912355
9.113070	153.931558
9.138075	153.951061
9.163081	153.970710
9.188086	153.988895
9.213091	154.007194
9.238097	154.025606
9.263102	154.044132
9.288108	154.062771
9.313113	154.081523
9.338119	154.100390
9.363124	154.119369
9.388129	154.138462
9.413135	154.156711
9.438140	154.171121
9.463146	154.185545
9.488151	154.199984
9.513156	154.214437
9.538162	154.223406
9.563167	154.232316
9.588173	154.241175
9.613178	154.249983
9.638183	154.258741
9.663189	154.267447
9.688194	154.276103
9.713200	154.284709
9.738205	154.293263
9.763210	154.301741
9.788216	154.304566
9.813221	154.307427
9.838227	154.310324
9.863232	154.313257
9.888237	154.312367
9.913243	154.311414
9.938248	154.310780
9.963254	154.310464
9.988259	154.310467
10.013265	154.310789
10.038270	154.311430
10.063275	154.312389
10.088281	154.313668
10.113286	154.315265
10.138292	154.315932
10.163297	154.316565
10.188302	154.317446
10.213308	154.318576
10.238313	154.319229
10.263319	154.320101
10.288324	154.321357
10.313329	154.322997
10.338335	154.325021
10.363340	154.327430
10.388346	154.330222
10.413351	154.333398
10.438356	154.336958
10.463362	154.340902
10.488367	154.344961
10.513373	154.349227
10.538378	154.353861
10.563384	154.358863
10.588389	154.364105
10.613394	154.369683
10.638400	154.375646
10.663405	154.381994
10.688411	154.388726
10.713416	154.395844
10.738421	154.403345
10.763427	154.411232
10.788432	154.419503
10.813438	154.428159
10.838443	154.437236
10.863448	154.446770
10.888454	154.456723
10.913459	154.467094
10.938465	154.477908
10.963470	154.489206
10.988475	154.500989
11.013481	154.513255
11.038486	154.526005
11.063492	154.539239
11.088497	154.552956
11.113503	154.567157
11.138508	154.581842
11.163513	154.597011
11.188519	154.612515
11.213524	154.627900
11.238530	154.643583
11.263535	154.659565
11.288540	154.675111
11.313546	154.690374
11.338551	154.705901
11.363557	154.721691
11.388562	154.737745
11.413567	154.754062
11.438573	154.770643
11.463578	154.787487
11.488584	154.804595
11.513589	154.821966
11.538594	154.839457
11.563600	154.853643
11.588605	154.867943
11.613611	154.882358
11.638616	154.894547
11.663621	154.904351
11.688627	154.914267
11.713632	154.924297
11.738638	154.934439
11.763643	154.944693
11.788649	154.955061
11.813654	154.965541
11.838659	154.976135
11.863665	154.986841
11.888670	154.997660
11.913676	155.004840
11.938681	155.011445
11.963686	155.018150
11.988692	155.023416
12.013697	155.026542
12.038703	155.029903
12.063708	155.033496
12.088713	155.037324
12.113719	155.041385
12.138724	155.045680
12.163730	155.050208
12.188735	155.054970
12.213740	155.059965
12.238746	155.065195
12.263751	155.069470
12.288757	155.073393
12.313762	155.077600
12.338768	155.081983
12.363773	155.086410
12.388778	155.091121
12.413784	155.096116
12.438789	155.101395
12.463795	155.106958
12.488800	155.112804
12.513805	155.118935
12.538811	155.125350
12.563816	155.132048
12.588822	155.139031
12.613827	155.146102
12.638832	155.153267
12.663838	155.160767
12.688843	155.168479
12.713849	155.176171
12.738854	155.184296
12.763859	155.192855
12.788865	155.201846
12.813870	155.211270
12.838876	155.221127
12.863881	155.231418
12.888887	155.242141
12.913892	155.253297
12.938897	155.264886
12.963903	155.276932
12.988908	155.289456
13.013914	155.302385
13.038919	155.315782
13.063924	155.329986
13.088930	155.344624
13.113935	155.359694
13.138941	155.375198
13.163946	155.391134
13.188951	155.407504
13.213957	155.424306
13.238962	155.441542
13.263968	155.459210
13.288973	155.477312
13.313978	155.495815
13.338984	155.514297
13.363989	155.533092
13.388995	155.552122
13.414000	155.570060
13.439005	155.588227
13.464011	155.606622
13.489016	155.625244
13.514022	155.644095
13.539027	155.663174
13.564033	155.682480
13.589038	155.702015
13.614043	155.721778
13.639049	155.741769
13.664054	155.761988
13.689060	155.779171
13.714065	155.795958
13.739070	155.812774
13.764076	155.824568
13.789081	155.836114
13.814087	155.847577
13.839092	155.858955
13.864097	155.870248
13.889103	155.881456
13.914108	155.892580
13.939114	155.903620
13.964119	155.914575
13.989124	155.925445
14.014130	155.936231
14.039135	155.943173
14.064141	155.948378
14.089146	155.953547
14.114152	155.954827
14.139157	155.955672
14.164162	155.956602
14.189168	155.957617
14.214173	155.958717
14.239179	155.959901
14.264184	155.961171
14.289189	155.962525
14.314195	155.963964
14.339200	155.965488
14.364206	155.967097
14.389211	155.967687
14.414216	155.967355
14.439222	155.967257
14.464227	155.965972
14.489233	155.964679
14.514238	155.963756
14.539243	155.963202
14.564249	155.963017
14.589254	155.963202
14.614260	155.963755
14.639265	155.964678
14.664271	155.965970
14.689276	155.967632
14.714281	155.969662
14.739287	155.971927
14.764292	155.974309
14.789298	155.977145
14.814303	155.980369
14.839308	155.984075
14.864314	155.988299
14.889319	155.993040
14.914325	155.998299
14.939330	156.004076
14.964335	156.010371
14.989341	156.017184
15.014346	156.024515
15.039352	156.032363
15.064357	156.040730
15.089362	156.049522
15.114368	156.057989
15.139373	156.066789
15.164379	156.075732
15.189384	156.084918
15.214389	156.094467
15.239395	156.104379
15.264400	156.114653
15.289406	156.125290
15.314411	156.136289
15.339417	156.147651
15.364422	156.159376
15.389427	156.171463
15.414433	156.183913
15.439438	156.196725
15.464444	156.208693
15.489449	156.220738
15.514454	156.232037
15.539460	156.242779
15.564465	156.253771
15.589471	156.265012
15.614476	156.276502
15.639481	156.288241
15.664487	156.300229
15.689492	156.312466
15.714498	156.324953
15.739503	156.337688
15.764508	156.350673
15.789514	156.363906
15.814519	156.376894
15.839525	156.389813
15.864530	156.403032
15.889536	156.416505
15.914541	156.429956
15.939546	156.443386
15.964552	156.456795
15.989557	156.470182
16.014563	156.483548
16.039568	156.496893
16.064573	156.510216
16.089579	156.523518
16.114584	156.536799
16.139590	156.550058
16.164595	156.563036
16.189600	156.575705
16.214606	156.588113
16.239611	156.600080
16.264617	156.611849
16.289622	156.623418
16.314627	156.634789
16.339633	156.645961
16.364638	156.656935
16.389644	156.667710
16.414649	156.678286
16.439655	156.688664
16.464660	156.698843
16.489665	156.708823
16.514671	156.718530
16.539676	156.727825
16.564682	156.736828
16.589687	156.745533
16.614692	156.753920
16.639698	156.761987
16.664703	156.769736
16.689709	156.777167
16.714714	156.784278
16.739719	156.791071
16.764725	156.797545
16.789730	156.803700
16.814736	156.809536
16.839741	156.815054
16.864746	156.820102
16.889752	156.823840
16.914757	156.826990
16.939763	156.829335
16.964768	156.831248
16.989773	156.832726
17.014779	156.833772
17.039784	156.834384
17.064790	156.834564
17.089795	156.834309
17.114801	156.833622
17.139806	156.832501
17.164811	156.830947
17.189817	156.828960
17.214822	156.826539
17.239828	156.822463
17.264833	156.817687
17.289838	156.811052
17.314844	156.803948
17.339849	156.796375
17.364855	156.788332
17.389860	156.779819
17.414865	156.770837
17.439871	156.761385
17.464876	156.751464
17.489882	156.741073
17.514887	156.730213
17.539892	156.718883
17.564898	156.707084
17.589903	156.694295
17.614909	156.680853
17.639914	156.666702
17.664920	156.652225
17.689925	156.637420
17.714930	156.622288
17.739936	156.606829
17.764941	156.591043
17.789947	156.574929
17.814952	156.558489
17.839957	156.541722
17.864963	156.524627
17.889968	156.507206
17.914974	156.489458
17.939979	156.472426
17.964984	156.456009
17.989990	156.442981
18.014995	156.430263
18.040001	156.417630
18.065006	156.405083
18.090011	156.392621
18.115017	156.380245
18.140022	156.367954
18.165028	156.355749
18.190033	156.343630
18.215039	156.331596
18.240044	156.319648
18.265049	156.307785
18.290055	156.298393
18.315060	156.293043
18.340066	156.292291
18.365071	156.292369
18.390076	156.292492
18.415082	156.292658
18.440087	156.292869
18.465093	156.293123
18.490098	156.293421
18.515103	156.293762
18.540109	156.294148
18.565114	156.294578
18.590120	156.295051
18.615125	156.295568
18.640130	156.296722
18.665136	156.300535
18.690141	156.305596
18.715147	156.310994
18.740152	156.316327
18.765157	156.321595
18.790163	156.326799
18.815168	156.331938
18.840174	156.337013
18.865179	156.342024
18.890185	156.346969
18.915190	156.351851
18.940195	156.356668
18.965201	156.361420
18.990206	156.366108
19.015212	156.369457
19.040217	156.371492
19.065222	156.372891
19.090228	156.374225
19.115233	156.375495
19.140239	156.376701
19.165244	156.377842
19.190249	156.378918
19.215255	156.379930
19.240260	156.380877
19.265266	156.381760
19.290271	156.382579
19.315276	156.383333
19.340282	156.384022
19.365287	156.384943
19.390293	156.385581
19.415298	156.386000
19.440304	156.386469
19.465309	156.386987
19.490314	156.387555
19.515320	156.388172
19.540325	156.388838
19.565331	156.389553
19.590336	156.390318
19.615341	156.391132
19.640347	156.391995
19.665352	156.392908
19.690358	156.393870
19.715363	156.393484
19.740368	156.391411
19.765374	156.388570
19.790379	156.385544
19.815385	156.382333
19.840390	156.378937
19.865395	156.375356
19.890401	156.371590
19.915406	156.367640
19.940412	156.363504
19.965417	156.359184
19.990423	156.354679
20.015428	156.349989
20.040433	156.345114
20.065439	156.338711
20.090444	156.328955
20.115450	156.317447
20.140455	156.305825
20.165460	156.294090
20.190466	156.282242
20.215471	156.270280
20.240477	156.258204
20.265482	156.246015
20.290487	156.233712
20.315493	156.221296
20.340498	156.208767
20.365504	156.196124
20.390509	156.183367
20.415514	156.170473
20.440520	156.157110
20.465525	156.143212
20.490531	156.129371
20.515536	156.115586
20.540541	156.101858
20.565547	156.088186
20.590552	156.074571
20.615558	156.061013
20.640563	156.047511
20.665569	156.034066
20.690574	156.020677
20.715579	156.007346
20.740585	155.994070
20.765590	155.980842
20.790596	155.967304
20.815601	155.953856
20.840606	155.940387
20.865612	155.926897
20.890617	155.913386
20.915623	155.899854
20.940628	155.886301
20.965633	155.872727
20.990639	155.859131
21.015644	155.845515
21.040650	155.831877
21.065655	155.818219
21.090660	155.804539
21.115666	155.790838
21.140671	155.775727
21.165677	155.757957
21.190682	155.740101
21.215688	155.722160
21.240693	155.704133
21.265698	155.686021
21.290704	155.667823
21.315709	155.649540
21.340715	155.631171
21.365720	155.612716
21.390725	155.594176
21.415731	155.575550
21.440736	155.556839
21.465742	155.538042
21.490747	155.517430
21.515752	155.494191
21.540758	155.470738
21.565763	155.447072
21.590769	155.423192
21.615774	155.399098
21.640779	155.374791
21.665785	155.350271
21.690790	155.325536
21.715796	155.300589
21.740801	155.275427
21.765807	155.250053
21.790812	155.224464
21.815817	155.198662
21.840823	155.171111
21.865828	155.139296
21.890834	155.107356
21.915839	155.075302
21.940844	155.043133
21.965850	155.010850
21.990855	154.978453
22.015861	154.945941
22.040866	154.913316
22.065871	154.880576
22.090877	154.847722
22.115882	154.814753
22.140888	154.781671
22.165893	154.748474
22.190898	154.715076
22.215904	154.678914
22.240909	154.642311
22.265915	154.605503
22.290920	154.568488
22.315925	154.531267
22.340931	154.493840
22.365936	154.456207
22.390942	154.418369
22.415947	154.380324
22.440953	154.342073
22.465958	154.303616
22.490963	154.264954
22.515969	154.226085
22.540974	154.186832
22.565980	154.142484
22.590985	154.097535
22.615990	154.052423
22.640996	154.007148
22.666001	153.961709
22.691007	153.916106
22.716012	153.870340
22.741017	153.824410
22.766023	153.778317
22.791028	153.732060
22.816034	153.685640
22.841039	153.639056
22.866044	153.592309
22.891050	153.545398
22.916055	153.492055
22.941061	153.436979
22.966066	153.381611
22.991072	153.325952
23.016077	153.270001
23.041082	153.213758
23.066088	153.157224
23.091093	153.100399
23.116099	153.043282
23.141104	152.985873
23.166109	152.928173
23.191115	152.870181
23.216120	152.811898
23.241126	152.753323
23.266131	152.688701
23.291136	152.620041
23.316142	152.550154
23.341147	152.479039
23.366153	152.406697
23.391158	152.333127
23.416163	152.258330
23.441169	152.182306
23.466174	152.105054
23.491180	152.026575
23.516185	151.946869
23.541191	151.865936
23.566196	151.783775
23.591201	151.700387
23.616207	151.597186
23.641212	151.474132
23.666218	151.347918
23.691223	151.218545
23.716228	151.086012
23.741234	150.950319
23.766239	150.811466
23.791245	150.669454
23.816250	150.524281
23.841255	150.375949
23.866261	150.224457
23.891266	150.069805
23.916272	149.911993
23.941277	149.751022
23.966282	149.543157
23.991288	149.252100
24.016293	148.942777
24.041299	148.615189
24.066304	148.269336
24.091309	147.905217
24.116315	147.522833
24.141320	147.122184
24.166326	146.703269
24.191331	146.266089
24.216337	145.810644
24.241342	145.336933
24.266347	144.844957
24.291353	144.334716
24.316358	143.681447
24.341364	142.605524
24.366369	141.484103
24.391374	140.317185
24.416380	139.104771
24.441385	137.846859
24.466391	136.543451
24.491396	135.194545
24.516401	133.800143
24.541407	132.360243
24.566412	130.874847
24.591418	129.343954
24.616423	127.767564
24.641428	126.145677
24.666434	124.387462
24.691439	122.132603
24.716445	119.828544
24.741450	117.503774
24.766456	115.158291
24.791461	112.792095
24.816466	110.405188
24.841472	107.997568
24.866477	105.569235
24.891483	103.120190
24.916488	100.650433
24.941493	98.159964
24.966499	95.648782
24.991504	93.116888
25.016510	90.567139
25.041515	88.052149
25.066520	85.574322
25.091526	83.124892
25.116531	80.703859
25.141537	78.311223
25.166542	75.946984
25.191547	73.611142
25.216553	71.303697
25.241558	69.024649
25.266564	66.773998
25.291569	64.551744
25.316575	62.357887
25.341580	60.192426
25.366585	58.092330
25.391591	56.397426
25.416596	54.869082
25.441602	53.378755
25.466607	51.926442
25.491612	50.512145
25.516618	49.135863
25.541623	47.797597
25.566629	46.497346
25.591634	45.235111
25.616639	44.010891
25.641645	42.824686
25.666650	41.676497
25.691656	40.566323
25.716661	39.503787
25.741666	38.713360
25.766672	38.067112
25.791677	37.438277
25.816683	36.826856
25.841688	36.232848
25.866693	35.656254
25.891699	35.097073
25.916704	34.555306
25.941710	34.030952
25.966715	33.524011
25.991721	33.034483
26.016726	32.562370
26.041731	32.107669
26.066737	31.670382
26.091742	31.325302
26.116748	31.043637
26.141753	30.766374
26.166758	30.493514
26.191764	30.225056
26.216769	29.961001
26.241775	29.701348
26.266780	29.446098
26.291785	29.195250
26.316791	28.948804
26.341796	28.706761
26.366802	28.469121
26.391807	28.235883
26.416812	28.007048
26.441818	27.796010
26.466823	27.598659
26.491829	27.402782
26.516834	27.207673
26.541840	27.013331
26.566845	26.819757
26.591850	26.626950
26.616856	26.434912
26.641861	26.243641
26.666867	26.053137
26.691872	25.863402
26.716877	25.674433
26.741883	25.486233
26.766888	25.298800
26.791894	25.108221
26.816899	24.915422
26.841904	24.721759
26.866910	24.527614
26.891915	24.332985
26.916921	24.137874
26.941926	23.942280
26.966931	23.746204
26.991937	23.549644
27.016942	23.352602
27.041948	23.155078
27.066953	22.957070
27.091959	22.758580
27.116964	22.559607
27.141969	22.357170
27.166975	22.150811
27.191980	21.942442
27.216986	21.733996
27.241991	21.525471
27.266996	21.316869
27.292002	21.108188
27.317007	20.899430
27.342013	20.690594
27.367018	20.481679
27.392023	20.272687
27.417029	20.063617
27.442034	19.854469
27.467040	19.645242
27.492045	19.434938
27.517050	19.222247
27.542056	19.006103
27.567061	18.789157
27.592067	18.571408
27.617072	18.352858
27.642077	18.133505
27.667083	17.913350
27.692088	17.692393
27.717094	17.470634
27.742099	17.248072
27.767105	17.024708
27.792110	16.800542
27.817115	16.575574
27.842121	16.343131
27.867126	16.103187
27.892132	15.857250
27.917137	15.611738
27.942142	15.366650
27.967148	15.121987
27.992153	14.877748
28.017159	14.633933
28.042164	14.390543
28.067169	14.147578
28.092175	13.905036
28.117180	13.662920
28.142186	13.421227
28.167191	13.179959
28.192196	12.942925
28.217202	12.713019
28.242207	12.499108
28.267213	12.290493
28.292218	12.086828
28.317224	11.888113
28.342229	11.694347
28.367234	11.505530
28.392240	11.321663
28.417245	11.142746
28.442251	10.968779
28.467256	10.799760
28.492261	10.635692
28.517267	10.476573
28.542272	10.327697
28.567278	10.194006
28.592283	10.080616
28.617288	9.975445
28.642294	9.874279
28.667299	9.777117
28.692305	9.683958
28.717310	9.594803
28.742315	9.509652
28.767321	9.428504
28.792326	9.351361
28.817332	9.278221
28.842337	9.209085
28.867343	9.143952
28.892348	9.086696
28.917353	9.041490
28.942359	8.998349
28.967364	8.956634
28.992370	8.915425
29.017375	8.874723
29.042380	8.834527
29.067386	8.794837
29.092391	8.755653
29.117397	8.716976
29.142402	8.678804
29.167407	8.641139
29.192413	8.603980
29.217418	8.567327
29.242424	8.531934
29.267429	8.500072
29.292434	8.469339
29.317440	8.440085
29.342445	8.410946
29.367451	8.381921
29.392456	8.353009
29.417461	8.324212
29.442467	8.295528
29.467472	8.266959
29.492478	8.238503
29.517483	8.210161
29.542489	8.181933
29.567494	8.153819
29.592499	8.125641
29.617505	8.096085
29.642510	8.066705
29.667516	8.037606
29.692521	8.008571
29.717526	7.979601
29.742532	7.950695
29.767537	7.921854
29.792543	7.893078
29.817548	7.864365
29.842553	7.835718
29.867559	7.807135
29.892564	7.778616
29.917570	7.750162
29.942575	7.721828
29.967580	7.696233
29.992586	7.670777
30.017591	7.645987
30.042597	7.621262
30.067602	7.596602
30.092608	7.572006
30.117613	7.547474
30.142618	7.523007
30.167624	7.498605
30.192629	7.474267
30.217635	7.449993
30.242640	7.425784
30.267645	7.401640
30.292651	7.377559
30.317656	7.351833
30.342662	7.326085
30.367667	7.300621
30.392672	7.275254
30.417678	7.249937
30.442683	7.224670
30.467689	7.199453
30.492694	7.174286
30.517699	7.149168
30.542705	7.124101
30.567710	7.099084
30.592716	7.074117
30.617721	7.049200
30.642727	7.024333
30.667732	6.999695
30.692737	6.975185
30.717743	6.950385
30.742748	6.925407
30.767754	6.900479
30.792759	6.875601
30.817764	6.850773
30.842770	6.825995
30.867775	6.801268
30.892781	6.776590
30.917786	6.751962
30.942791	6.727384
30.967797	6.702856
30.992802	6.678379
31.017808	6.655484
31.042813	6.633127
31.067818	6.611257
31.092824	6.590027
31.117829	6.568882
31.142835	6.547822
31.167840	6.526847
31.192845	6.505956
31.217851	6.485151
31.242856	6.464430
31.267862	6.443795
31.292867	6.423244
31.317873	6.402778
31.342878	6.382396
31.367883	6.360672
31.392889	6.338292
31.417894	6.315953
31.442900	6.293747
31.467905	6.271607
31.492910	6.249532
31.517916	6.227522
31.542921	6.205578
31.567927	6.183698
31.592932	6.161884
31.617937	6.140135
31.642943	6.118451
31.667948	6.096833
31.692954	6.075279
31.717959	6.053470
31.742964	6.031492
31.767970	6.009505
31.792975	5.986272
31.817981	5.963088
31.842986	5.939953
31.867992	5.916868
31.892997	5.893831
31.918002	5.870845
31.943008	5.847907
31.968013	5.825019
31.993019	5.802180
32.018024	5.779390
32.043029	5.756650
32.068035	5.734642
32.093040	5.713324
32.118046	5.692022
32.143051	5.671243
32.168056	5.650567
32.193062	5.629906
32.218067	5.609258
32.243073	5.588624
32.268078	5.568004
32.293083	5.547397
32.318089	5.526805
32.343094	5.506226
32.368100	5.485661
32.393105	5.465109
32.418111	5.444198
32.443116	5.422810
32.468121	5.401472
32.493127	5.380552
32.518132	5.359872
32.543138	5.339242
32.568143	5.318661
32.593148	5.298129
32.618154	5.277645
32.643159	5.257211
32.668165	5.236826
32.693170	5.216490
32.718175	5.196203
32.743181	5.175965
32.768186	5.156027
32.793192	5.136638
32.818197	5.117299
32.843202	5.097706
32.868208	5.077811
32.893213	5.057966
32.918219	5.038171
32.943224	5.018426
32.968229	4.998731
32.993235	4.979087
33.018240	4.959492
33.043246	4.939947
33.068251	4.920452
33.093257	4.901008
33.118262	4.881376
33.143267	4.861054
33.168273	4.840746
33.193278	4.820593
33.218284	4.800880
33.243289	4.781253
33.268294	4.761712
33.293300	4.742256
33.318305	4.722886
33.343311	4.703601
33.368316	4.684402
33.393321	4.665288
33.418327	4.646260
33.443332	4.627318
33.468338	4.608410
33.493343	4.589326
33.518348	4.570327
33.543354	4.551334
33.568359	4.531447
33.593365	4.511576
33.618370	4.491719
33.643376	4.471877
33.668381	4.452049
33.693386	4.432237
33.718392	4.412439
33.743397	4.392656
33.768403	4.372888
33.793408	4.353134
33.818413	4.333472
33.843419	4.314774
33.868424	4.296125
33.893430	4.277525
33.918435	4.259321
33.943440	4.241232
33.968446	4.223213
33.993451	4.205265
34.018457	4.187388
34.043462	4.169582
34.068467	4.151846
34.093473	4.134180
34.118478	4.116586
34.143484	4.099062
34.168489	4.081609
34.193495	4.063855
34.218500	4.046147
34.243505	4.028490
34.268511	4.011386
34.293516	3.994544
34.318522	3.977738
34.343527	3.960968
34.368532	3.944234
34.393538	3.927535
34.418543	3.910873
34.443549	3.894246
34.468554	3.877655
34.493559	3.861100
34.518565	3.844581
34.543570	3.828036
34.568576	3.811567
34.593581	3.795182
34.618586	3.778307
34.643592	3.760903
34.668597	3.743533
34.693603	3.726200
34.718608	3.708902
34.743613	3.691639
34.768619	3.674412
34.793624	3.657221
34.818630	3.640065
34.843635	3.622944
34.868641	3.605859
34.893646	3.589376
34.918651	3.573066
34.943657	3.556805
34.968662	3.540618
34.993668	3.524553
35.018673	3.508573
35.043678	3.492678
35.068684	3.476867
35.093689	3.461141
35.118695	3.445499
35.143700	3.429942
35.168705	3.414469
35.193711	3.399081
35.218716	3.383778
35.243722	3.368356
35.268727	3.352870
35.293732	3.337385
35.318738	3.321972
35.343743	3.307157
35.368749	3.292391
35.393754	3.277675
35.418760	3.263008
35.443765	3.248391
35.468770	3.233824
35.493776	3.219307
35.518781	3.204840
35.543787	3.190422
35.568792	3.176054
35.593797	3.161705
35.618803	3.147361
35.643808	3.133032
35.668814	3.118717
35.693819	3.103727
35.718824	3.088712
35.743830	3.073732
35.768835	3.058787
35.793841	3.043878
35.818846	3.029003
35.843851	3.014164
35.868857	2.999361
35.893862	2.984592
35.918868	2.969859
35.943873	2.955250
35.968879	2.940768
35.993884	2.926351
36.018889	2.911996
36.043895	2.898242
36.068900	2.884728
36.093906	2.871250
36.118911	2.857807
36.143916	2.844400
36.168922	2.831028
36.193927	2.817692
36.218933	2.804392
36.243938	2.791127
36.268943	2.777897
36.293949	2.764383
36.318954	2.750536
36.343960	2.736703
36.368965	2.722884
36.393970	2.708667
36.418976	2.694132
36.443981	2.679646
36.468987	2.665210
36.493992	2.650825
36.518997	2.636489
36.544003	2.622204
36.569008	2.607968
36.594014	2.593783
36.619019	2.579647
36.644025	2.565935
36.669030	2.552857
36.694035	2.539829
36.719041	2.526850
36.744046	2.513935
36.769052	2.501062
36.794057	2.488189
36.819062	2.475316
36.844068	2.462443
36.869073	2.449570
36.894079	2.436697
36.919084	2.423824
36.944089	2.410950
36.969095	2.398077
36.994100	2.385280
37.019106	2.372674
37.044111	2.360097
37.069116	2.347549
37.094122	2.335150
37.119127	2.323478
37.144133	2.311842
37.169138	2.300242
37.194144	2.288678
37.219149	2.277149
37.244154	2.265656
37.269160	2.254199
37.294165	2.242778
37.319171	2.231393
37.344176	2.220085
37.369181	2.208950
37.394187	2.197829
37.419192	2.186721
37.444198	2.175629
37.469203	2.164065
37.494208	2.152528
37.519214	2.141040
37.544219	2.129602
37.569225	2.118214
37.594230	2.106875
37.619235	2.095586
37.644241	2.084346
37.669246	2.073156
37.694252	2.062067
37.719257	2.051312
37.744263	2.040522
37.769268	2.029695
37.794273	2.018833
37.819279	2.008341
37.844284	1.998004
37.869290	1.987701
37.894295	1.977435
37.919300	1.967204
37.944306	1.957008
37.969311	1.946849
37.994317	1.936724
38.019322	1.926635
38.044327	1.916581
38.069333	1.906540
38.094338	1.896548
38.119344	1.886606
38.144349	1.876712
38.169354	1.866476
38.194360	1.855963
38.219365	1.845465
38.244371	1.834982
38.269376	1.824513
38.294381	1.814059
38.319387	1.803619
38.344392	1.793193
38.369398	1.782782
38.394403	1.772385
38.419409	1.762353
38.444414	1.752369
38.469419	1.742422
38.494425	1.732509
38.519430	1.722670
38.544436	1.712913
38.569441	1.703170
38.594446	1.693441
38.619452	1.683726
38.644457	1.674024
38.669463	1.664336
38.694468	1.654662
38.719473	1.645002
38.744479	1.635355
38.769484	1.626150
38.794490	1.617054
38.819495	1.608008
38.844500	1.599012
38.869506	1.590189
38.894511	1.581950
38.919517	1.573747
38.944522	1.565578
38.969528	1.557443
38.994533	1.549343
39.019538	1.541278
39.044544	1.533247
39.069549	1.525250
39.094555	1.517289
39.119560	1.508866
39.144565	1.500316
39.169571	1.491766
39.194576	1.483216
39.219582	1.474666
39.244587	1.465708
39.269592	1.456810
39.294598	1.447974
39.319603	1.439203
39.344609	1.430494
39.369614	1.421850
39.394619	1.413268
39.419625	1.404751
39.444630	1.396296
39.469636	1.388282
39.494641	1.380436
39.519646	1.372590
39.544652	1.364744
39.569657	1.356897
39.594663	1.349158
39.619668	1.341471
39.644674	1.333813
39.669679	1.326183
39.694684	1.318581
39.719690	1.311007
39.744695	1.303461
39.769701	1.295944
39.794706	1.288455
39.819711	1.281470
39.844717	1.274784
39.869722	1.268099
39.894728	1.261413
39.919733	1.254728
39.944738	1.248254
39.969744	1.241919
39.994749	1.235583
40.019755	1.229248
40.044760	1.222913
40.069765	1.216578
40.094771	1.210242
40.119776	1.203907
40.144782	1.197572
40.169787	1.191498
40.194793	1.185692
40.219798	1.179935
40.244803	1.174229
40.269809	1.168572
40.294814	1.162908
40.319820	1.157178
40.344825	1.151448
40.369830	1.145718
40.394836	1.139988
40.419841	1.134257
40.444847	1.128527
40.469852	1.122797
40.494857	1.117067
40.519863	1.111486
40.544868	1.106128
40.569874	1.100819
40.594879	1.095560
40.619884	1.090351
40.644890	1.085239
40.669895	1.080312
40.694901	1.075386
40.719906	1.070460
40.744912	1.065535
40.769917	1.060610
40.794922	1.055685
40.819928	1.050761
40.844933	1.045837
40.869939	1.040880
40.894944	1.035889
40.919949	1.030933
40.944955	1.026013
40.969960	1.021128
40.994966	1.016280
41.019971	1.011509
41.044976	1.006789
41.069982	1.002118
41.094987	0.997498
41.119993	0.992928
41.144998	0.988407
41.170003	0.983937
41.195009	0.979516
41.220014	0.975172
41.245020	0.970921
41.270025	0.966685
41.295030	0.962463
41.320036	0.958255
41.345041	0.954061
41.370047	0.949685
41.395052	0.945316
41.420058	0.940997
41.445063	0.936728
41.470068	0.932509
41.495074	0.928339
41.520079	0.924219
41.545085	0.920149
41.570090	0.916128
41.595095	0.912155
41.620101	0.908232
41.645106	0.904357
41.670112	0.900532
41.695117	0.896757
41.720122	0.890931
41.745128	0.883012
41.770133	0.873970
41.795139	0.863805
41.820144	0.852517
41.845149	0.840106
41.870155	0.826571
41.895160	0.811914
41.920166	0.000000
41.945171	0.000000
41.970177	0.000000
41.995182	0.000000
42.020187	0.000000
42.045193	0.000000
42.070198	0.000000
42.095204	0.000000
42.120209	0.000000
