Patient Name: EQUIPO 4 2025, QA
Patient ID: Eq4-2025
Plan: PerfDiag
Course: C-Fisica
Date: Friday, August 07, 2026 2:44:26 PM
Exported by: paberbuj

Start: (-29.79, -9.98, -29.57)
End:   (30.02, -9.98, 29.79)

	Campo 1
-42.148017	2.242176
-42.123012	2.265120
-42.098007	2.285478
-42.073001	2.303250
-42.047996	2.317122
-42.022990	2.323705
-41.997985	2.330338
-41.972980	2.337021
-41.947974	2.343754
-41.922969	2.350536
-41.897963	2.356993
-41.872958	2.363166
-41.847953	2.369389
-41.822947	2.375662
-41.797942	2.381985
-41.772936	2.388358
-41.747931	2.394781
-41.722926	2.401254
-41.697920	2.407777
-41.672915	2.414184
-41.647909	2.420558
-41.622904	2.426902
-41.597898	2.433215
-41.572893	2.439499
-41.547888	2.445702
-41.522882	2.451868
-41.497877	2.458084
-41.472871	2.464350
-41.447866	2.470666
-41.422861	2.477032
-41.397855	2.483448
-41.372850	2.489914
-41.347844	2.496430
-41.322839	2.503197
-41.297834	2.510050
-41.272828	2.516933
-41.247823	2.523845
-41.222817	2.530787
-41.197812	2.537779
-41.172807	2.544852
-41.147801	2.551974
-41.122796	2.559146
-41.097790	2.566367
-41.072785	2.573638
-41.047780	2.580959
-41.022774	2.588329
-40.997769	2.595749
-40.972763	2.603220
-40.947758	2.610717
-40.922752	2.618234
-40.897747	2.625770
-40.872742	2.633327
-40.847736	2.640853
-40.822731	2.648272
-40.797725	2.655721
-40.772720	2.663200
-40.747715	2.670708
-40.722709	2.678246
-40.697704	2.685814
-40.672698	2.693411
-40.647693	2.701038
-40.622688	2.708781
-40.597682	2.716682
-40.572677	2.724613
-40.547671	2.732574
-40.522666	2.740565
-40.497661	2.748701
-40.472655	2.757359
-40.447650	2.766016
-40.422644	2.774674
-40.397639	2.783332
-40.372633	2.791990
-40.347628	2.800647
-40.322623	2.809305
-40.297617	2.817963
-40.272612	2.826624
-40.247606	2.835326
-40.222601	2.844079
-40.197596	2.852882
-40.172590	2.861735
-40.147585	2.870673
-40.122579	2.879978
-40.097574	2.889333
-40.072569	2.898738
-40.047563	2.908193
-40.022558	2.917699
-39.997552	2.927254
-39.972547	2.936859
-39.947542	2.946514
-39.922536	2.956227
-39.897531	2.966429
-39.872525	2.976631
-39.847520	2.986834
-39.822514	2.997037
-39.797509	3.007233
-39.772504	3.016960
-39.747498	3.026716
-39.722493	3.036502
-39.697487	3.046317
-39.672482	3.056162
-39.647477	3.066037
-39.622471	3.075942
-39.597466	3.085876
-39.572460	3.095840
-39.547455	3.105791
-39.522450	3.115754
-39.497444	3.125737
-39.472439	3.135739
-39.447433	3.145762
-39.422428	3.156026
-39.397423	3.166290
-39.372417	3.176534
-39.347412	3.186759
-39.322406	3.196965
-39.297401	3.207152
-39.272396	3.217319
-39.247390	3.227467
-39.222385	3.237596
-39.197379	3.248030
-39.172374	3.258708
-39.147368	3.269455
-39.122363	3.280272
-39.097358	3.291159
-39.072352	3.302551
-39.047347	3.314058
-39.022341	3.325594
-38.997336	3.337159
-38.972331	3.348754
-38.947325	3.360379
-38.922320	3.372033
-38.897314	3.383717
-38.872309	3.395430
-38.847304	3.407090
-38.822298	3.418667
-38.797293	3.430265
-38.772287	3.441883
-38.747282	3.453521
-38.722277	3.464609
-38.697271	3.475515
-38.672266	3.486420
-38.647260	3.497325
-38.622255	3.508230
-38.597249	3.519134
-38.572244	3.530038
-38.547239	3.540941
-38.522233	3.551844
-38.497228	3.562842
-38.472222	3.574184
-38.447217	3.585605
-38.422212	3.597106
-38.397206	3.608686
-38.372201	3.621188
-38.347195	3.634133
-38.322190	3.647098
-38.297185	3.660084
-38.272179	3.673090
-38.247174	3.686115
-38.222168	3.699161
-38.197163	3.712227
-38.172158	3.725314
-38.147152	3.738432
-38.122147	3.751783
-38.097141	3.765144
-38.072136	3.778515
-38.047130	3.791896
-38.022125	3.805498
-37.997120	3.819305
-37.972114	3.833182
-37.947109	3.847128
-37.922103	3.861143
-37.897098	3.875228
-37.872093	3.889382
-37.847087	3.903606
-37.822082	3.917899
-37.797076	3.932261
-37.772071	3.946527
-37.747066	3.960753
-37.722060	3.974960
-37.697055	3.989146
-37.672049	4.002694
-37.647044	4.015653
-37.622039	4.028661
-37.597033	4.041720
-37.572028	4.054827
-37.547022	4.067985
-37.522017	4.081192
-37.497012	4.094448
-37.472006	4.107755
-37.447001	4.121111
-37.421995	4.134692
-37.396990	4.148454
-37.371984	4.162316
-37.346979	4.176278
-37.321974	4.190584
-37.296968	4.205280
-37.271963	4.219995
-37.246957	4.234729
-37.221952	4.249482
-37.196947	4.264254
-37.171941	4.279045
-37.146936	4.293854
-37.121930	4.308683
-37.096925	4.323530
-37.071920	4.338544
-37.046914	4.353786
-37.021909	4.369108
-36.996903	4.384511
-36.971898	4.400250
-36.946893	4.416559
-36.921887	4.432887
-36.896882	4.449236
-36.871876	4.465604
-36.846871	4.481993
-36.821865	4.498401
-36.796860	4.514829
-36.771855	4.531277
-36.746849	4.547745
-36.721844	4.564246
-36.696838	4.580829
-36.671833	4.597483
-36.646828	4.614206
-36.621822	4.631012
-36.596817	4.647906
-36.571811	4.664831
-36.546806	4.681785
-36.521801	4.698770
-36.496795	4.715785
-36.471790	4.732830
-36.446784	4.749905
-36.421779	4.767010
-36.396774	4.784145
-36.371768	4.801334
-36.346763	4.818827
-36.321757	4.836388
-36.296752	4.854019
-36.271746	4.871580
-36.246741	4.888459
-36.221736	4.905417
-36.196730	4.922454
-36.171725	4.939570
-36.146719	4.956765
-36.121714	4.974039
-36.096709	4.991393
-36.071703	5.008826
-36.046698	5.026337
-36.021692	5.043928
-35.996687	5.061613
-35.971682	5.079323
-35.946676	5.097052
-35.921671	5.114898
-35.896665	5.134088
-35.871660	5.153358
-35.846655	5.172708
-35.821649	5.192139
-35.796644	5.211649
-35.771638	5.231240
-35.746633	5.250911
-35.721628	5.270662
-35.696622	5.290493
-35.671617	5.310404
-35.646611	5.330598
-35.621606	5.350992
-35.596600	5.371505
-35.571595	5.392137
-35.546590	5.412214
-35.521584	5.432379
-35.496579	5.452645
-35.471573	5.473011
-35.446568	5.493477
-35.421563	5.514042
-35.396557	5.534708
-35.371552	5.555474
-35.346546	5.576340
-35.321541	5.597306
-35.296536	5.618454
-35.271530	5.639802
-35.246525	5.661279
-35.221519	5.682884
-35.196514	5.704937
-35.171509	5.727126
-35.146503	5.749415
-35.121498	5.771803
-35.096492	5.794291
-35.071487	5.816878
-35.046481	5.839565
-35.021476	5.862351
-34.996471	5.885237
-34.971465	5.908221
-34.946460	5.931301
-34.921454	5.954449
-34.896449	5.977667
-34.871444	6.000955
-34.846438	6.024953
-34.821433	6.049232
-34.796427	6.073650
-34.771422	6.098208
-34.746417	6.122904
-34.721411	6.147739
-34.696406	6.172714
-34.671400	6.197828
-34.646395	6.223081
-34.621390	6.248473
-34.596384	6.274054
-34.571379	6.300140
-34.546373	6.326365
-34.521368	6.352728
-34.496362	6.379686
-34.471357	6.407041
-34.446352	6.434634
-34.421346	6.462466
-34.396341	6.490537
-34.371335	6.518846
-34.346330	6.547395
-34.321325	6.576182
-34.296319	6.605208
-34.271314	6.634472
-34.246308	6.663976
-34.221303	6.694656
-34.196298	6.725742
-34.171292	6.757168
-34.146287	6.790938
-34.121281	6.826655
-34.096276	6.863297
-34.071271	6.900865
-34.046265	6.939357
-34.021260	6.978774
-33.996254	7.019116
-33.971249	7.060384
-33.946244	7.102576
-33.921238	7.145694
-33.896233	7.189736
-33.871227	7.236680
-33.846222	7.285543
-33.821216	7.335660
-33.796211	7.389150
-33.771206	7.445544
-33.746200	7.503121
-33.721195	7.561882
-33.696189	7.621827
-33.671184	7.682956
-33.646179	7.745269
-33.621173	7.808766
-33.596168	7.873446
-33.571162	7.939311
-33.546157	8.006359
-33.521152	8.076708
-33.496146	8.149819
-33.471141	8.223856
-33.446135	8.299097
-33.421130	8.375216
-33.396125	8.451762
-33.371119	8.528735
-33.346114	8.606136
-33.321108	8.683964
-33.296103	8.762220
-33.271097	8.840903
-33.246092	8.920013
-33.221087	8.999551
-33.196081	9.079516
-33.171076	9.159523
-33.146070	9.239085
-33.121065	9.318847
-33.096060	9.398211
-33.071054	9.476725
-33.046049	9.555309
-33.021043	9.633962
-32.996038	9.712686
-32.971033	9.791479
-32.946027	9.870343
-32.921022	9.949276
-32.896016	10.028279
-32.871011	10.107353
-32.846006	10.186496
-32.821000	10.265432
-32.795995	10.342926
-32.770989	10.420438
-32.745984	10.497374
-32.720978	10.573000
-32.695973	10.648766
-32.670968	10.724672
-32.645962	10.800719
-32.620957	10.876906
-32.595951	10.953233
-32.570946	11.029701
-32.545941	11.106309
-32.520935	11.183057
-32.495930	11.259946
-32.470924	11.336975
-32.445919	11.412991
-32.420914	11.489035
-32.395908	11.564914
-32.370903	11.640051
-32.345897	11.715367
-32.320892	11.790861
-32.295887	11.866536
-32.270881	11.942389
-32.245876	12.018421
-32.220870	12.094633
-32.195865	12.171024
-32.170860	12.247594
-32.145854	12.324343
-32.120849	12.401271
-32.095843	12.477355
-32.070838	12.553173
-32.045832	12.628884
-32.020827	12.703840
-31.995822	12.779005
-31.970816	12.854379
-31.945811	12.929962
-31.920805	13.005755
-31.895800	13.081757
-31.870795	13.157968
-31.845789	13.234388
-31.820784	13.311018
-31.795778	13.387857
-31.770773	13.464905
-31.745768	13.541723
-31.720762	13.618476
-31.695757	13.695422
-31.670751	13.770790
-31.645746	13.846456
-31.620741	13.922421
-31.595735	13.998684
-31.570730	14.075246
-31.545724	14.152107
-31.520719	14.229266
-31.495713	14.306723
-31.470708	14.384479
-31.445703	14.462534
-31.420697	14.540887
-31.395692	14.620066
-31.370686	14.700597
-31.345681	14.781735
-31.320676	14.865542
-31.295670	14.950201
-31.270665	15.035617
-31.245659	15.121789
-31.220654	15.208718
-31.195649	15.296404
-31.170643	15.384846
-31.145638	15.474044
-31.120632	15.563999
-31.095627	15.654710
-31.070622	15.746178
-31.045616	15.840090
-31.020611	15.942378
-30.995605	16.046339
-30.970600	16.162524
-30.945594	16.282944
-30.920589	16.406062
-30.895584	16.531877
-30.870578	16.660390
-30.845573	16.791600
-30.820567	16.925508
-30.795562	17.062114
-30.770557	17.201417
-30.745551	17.343417
-30.720546	17.488115
-30.695540	17.635510
-30.670535	17.812448
-30.645530	17.993564
-30.620524	18.200805
-30.595519	18.419910
-30.570513	18.644957
-30.545508	18.875944
-30.520503	19.112873
-30.495497	19.355743
-30.470492	19.604554
-30.445486	19.859307
-30.420481	20.120001
-30.395476	20.386636
-30.370470	20.659213
-30.345465	20.937730
-30.320459	21.260320
-30.295454	21.599279
-30.270448	21.978326
-30.245443	22.379584
-30.220438	22.788889
-30.195432	23.206243
-30.170427	23.631644
-30.145421	24.065093
-30.120416	24.506590
-30.095411	24.956134
-30.070405	25.413727
-30.045400	25.879367
-30.020394	26.353055
-29.995389	26.834791
-29.970384	27.350006
-29.945378	27.888331
-29.920373	28.462186
-29.895367	29.058675
-29.870362	29.658913
-29.845357	30.262900
-29.820351	30.870636
-29.795346	31.482122
-29.770340	32.097357
-29.745335	32.716341
-29.720329	33.339074
-29.695324	33.965556
-29.670319	34.595788
-29.645313	35.229769
-29.620308	35.865748
-29.595302	36.500092
-29.570297	37.121939
-29.545292	37.728859
-29.520286	38.330664
-29.495281	38.927354
-29.470275	39.518929
-29.445270	40.105388
-29.420265	40.686732
-29.395259	41.262961
-29.370254	41.834075
-29.345248	42.400074
-29.320243	42.960957
-29.295238	43.516725
-29.270232	44.054777
-29.245227	44.543163
-29.220221	44.996847
-29.195216	45.407871
-29.170210	45.809980
-29.145205	46.203176
-29.120200	46.587458
-29.095194	46.962826
-29.070189	47.329280
-29.045183	47.686821
-29.020178	48.035447
-28.995173	48.375159
-28.970167	48.705958
-28.945162	49.027842
-28.920156	49.338656
-28.895151	49.581829
-28.870146	49.800661
-28.845140	49.982825
-28.820135	50.160454
-28.795129	50.333549
-28.770124	50.502109
-28.745119	50.666134
-28.720113	50.825624
-28.695108	50.980580
-28.670102	51.131000
-28.645097	51.276886
-28.620092	51.418237
-28.595086	51.555054
-28.570081	51.687335
-28.545075	51.801113
-28.520070	51.905453
-28.495064	51.996321
-28.470059	52.086154
-28.445054	52.174953
-28.420048	52.262719
-28.395043	52.349451
-28.370037	52.435148
-28.345032	52.519812
-28.320027	52.603441
-28.295021	52.686037
-28.270016	52.767599
-28.245010	52.848126
-28.220005	52.927620
-28.195000	53.003094
-28.169994	53.075325
-28.144989	53.142711
-28.119983	53.209710
-28.094978	53.276322
-28.069973	53.342546
-28.044967	53.408384
-28.019962	53.473835
-27.994956	53.538899
-27.969951	53.603576
-27.944945	53.667867
-27.919940	53.731770
-27.894935	53.795286
-27.869929	53.858415
-27.844924	53.920017
-27.819918	53.979697
-27.794913	54.036879
-27.769908	54.093902
-27.744902	54.150766
-27.719897	54.207472
-27.694891	54.264019
-27.669886	54.320407
-27.644881	54.376637
-27.619875	54.432708
-27.594870	54.488620
-27.569864	54.544374
-27.544859	54.599969
-27.519854	54.655406
-27.494848	54.710313
-27.469843	54.764020
-27.444837	54.816415
-27.419832	54.868752
-27.394826	54.921029
-27.369821	54.973246
-27.344816	55.025404
-27.319810	55.077503
-27.294805	55.129543
-27.269799	55.181523
-27.244794	55.233443
-27.219789	55.285305
-27.194783	55.337107
-27.169778	55.388850
-27.144772	55.440472
-27.119767	55.491183
-27.094762	55.540677
-27.069756	55.590039
-27.044751	55.639361
-27.019745	55.688643
-26.994740	55.737886
-26.969735	55.787090
-26.944729	55.836254
-26.919724	55.885378
-26.894718	55.934464
-26.869713	55.983510
-26.844708	56.032516
-26.819702	56.081483
-26.794697	56.130411
-26.769691	56.177764
-26.744686	56.223952
-26.719680	56.269912
-26.694675	56.315812
-26.669670	56.361651
-26.644664	56.407431
-26.619659	56.453150
-26.594653	56.498808
-26.569648	56.544407
-26.544643	56.589946
-26.519637	56.635424
-26.494632	56.680842
-26.469626	56.726200
-26.444621	56.771497
-26.419616	56.816594
-26.394610	56.861013
-26.369605	56.905153
-26.344599	56.949194
-26.319594	56.993135
-26.294589	57.036975
-26.269583	57.080716
-26.244578	57.124356
-26.219572	57.167897
-26.194567	57.211337
-26.169561	57.254678
-26.144556	57.297918
-26.119551	57.341058
-26.094545	57.384099
-26.069540	57.426627
-26.044534	57.467797
-26.019529	57.508477
-25.994524	57.549087
-25.969518	57.589628
-25.944513	57.630099
-25.919507	57.670501
-25.894502	57.710834
-25.869497	57.751097
-25.844491	57.791291
-25.819486	57.831416
-25.794480	57.871472
-25.769475	57.911458
-25.744470	57.951374
-25.719464	57.990803
-25.694459	58.028705
-25.669453	58.066236
-25.644448	58.103747
-25.619442	58.141238
-25.594437	58.178708
-25.569432	58.216160
-25.544426	58.253591
-25.519421	58.291002
-25.494415	58.328393
-25.469410	58.365765
-25.444405	58.403116
-25.419399	58.440448
-25.394394	58.477759
-25.369388	58.514942
-25.344383	58.550706
-25.319378	58.585977
-25.294372	58.621218
-25.269367	58.656429
-25.244361	58.691610
-25.219356	58.726760
-25.194351	58.761881
-25.169345	58.796971
-25.144340	58.832031
-25.119334	58.867061
-25.094329	58.902061
-25.069324	58.937031
-25.044318	58.971971
-25.019313	59.006881
-24.994307	59.041413
-24.969302	59.075416
-24.944296	59.109389
-24.919291	59.143332
-24.894286	59.177245
-24.869280	59.211128
-24.844275	59.244981
-24.819269	59.278804
-24.794264	59.312598
-24.769259	59.346361
-24.744253	59.380095
-24.719248	59.413799
-24.694242	59.447472
-24.669237	59.481116
-24.644232	59.513461
-24.619226	59.544992
-24.594221	59.576473
-24.569215	59.607906
-24.544210	59.639289
-24.519205	59.670622
-24.494199	59.701906
-24.469194	59.733141
-24.444188	59.764326
-24.419183	59.795462
-24.394177	59.826548
-24.369172	59.857585
-24.344167	59.888573
-24.319161	59.919511
-24.294156	59.950555
-24.269150	59.981588
-24.244145	60.012641
-24.219140	60.043714
-24.194134	60.074808
-24.169129	60.105923
-24.144123	60.137058
-24.119118	60.168213
-24.094113	60.199389
-24.069107	60.230586
-24.044102	60.261803
-24.019096	60.293040
-23.994091	60.324298
-23.969086	60.355577
-23.944080	60.386645
-23.919075	60.416915
-23.894069	60.447134
-23.869064	60.477304
-23.844058	60.507425
-23.819053	60.537496
-23.794048	60.567517
-23.769042	60.597488
-23.744037	60.627410
-23.719031	60.657283
-23.694026	60.687105
-23.669021	60.716878
-23.644015	60.746602
-23.619010	60.776276
-23.594004	60.805707
-23.568999	60.833551
-23.543994	60.861375
-23.518988	60.889179
-23.493983	60.916964
-23.468977	60.944728
-23.443972	60.972473
-23.418967	61.000197
-23.393961	61.027902
-23.368956	61.055587
-23.343950	61.083251
-23.318945	61.110896
-23.293940	61.138521
-23.268934	61.166127
-23.243929	61.193712
-23.218923	61.219744
-23.193918	61.245740
-23.168912	61.271766
-23.143907	61.297822
-23.118902	61.323908
-23.093896	61.350025
-23.068891	61.376171
-23.043885	61.402348
-23.018880	61.428554
-22.993875	61.454791
-22.968869	61.481058
-22.943864	61.507355
-22.918858	61.533682
-22.893853	61.560039
-22.868848	61.586814
-22.843842	61.613717
-22.818837	61.640590
-22.793831	61.667432
-22.768826	61.694244
-22.743821	61.721025
-22.718815	61.747776
-22.693810	61.774496
-22.668804	61.801186
-22.643799	61.827845
-22.618793	61.854473
-22.593788	61.881072
-22.568783	61.907639
-22.543777	61.934176
-22.518772	61.960313
-22.493766	61.986207
-22.468761	62.012051
-22.443756	62.037845
-22.418750	62.063589
-22.393745	62.089284
-22.368739	62.114928
-22.343734	62.140522
-22.318729	62.166066
-22.293723	62.191560
-22.268718	62.217004
-22.243712	62.242398
-22.218707	62.267742
-22.193702	62.293036
-22.168696	62.317405
-22.143691	62.340772
-22.118685	62.364089
-22.093680	62.387358
-22.068674	62.410576
-22.043669	62.433745
-22.018664	62.456865
-21.993658	62.479936
-21.968653	62.502957
-21.943647	62.525928
-21.918642	62.548850
-21.893637	62.571723
-21.868631	62.594546
-21.843626	62.617320
-21.818620	62.639533
-21.793615	62.661161
-21.768610	62.682748
-21.743604	62.704295
-21.718599	62.725803
-21.693593	62.747271
-21.668588	62.768699
-21.643583	62.790087
-21.618577	62.811435
-21.593572	62.832744
-21.568566	62.854013
-21.543561	62.875241
-21.518556	62.896430
-21.493550	62.917580
-21.468545	62.938419
-21.443539	62.958869
-21.418534	62.979287
-21.393528	62.999674
-21.368523	63.020031
-21.343518	63.040358
-21.318512	63.060655
-21.293507	63.080922
-21.268501	63.101159
-21.243496	63.121366
-21.218491	63.141542
-21.193485	63.161689
-21.168480	63.181805
-21.143474	63.201891
-21.118469	63.221879
-21.093464	63.241383
-21.068458	63.260752
-21.043453	63.280091
-21.018447	63.299400
-20.993442	63.318678
-20.968437	63.337927
-20.943431	63.357146
-20.918426	63.376334
-20.893420	63.395493
-20.868415	63.414621
-20.843409	63.433719
-20.818404	63.452787
-20.793399	63.471825
-20.768393	63.490618
-20.743388	63.509112
-20.718382	63.527608
-20.693377	63.546054
-20.668372	63.564449
-20.643366	63.582794
-20.618361	63.601088
-20.593355	63.619332
-20.568350	63.637526
-20.543345	63.655669
-20.518339	63.673762
-20.493334	63.691804
-20.468328	63.709796
-20.443323	63.727738
-20.418318	63.745581
-20.393312	63.763241
-20.368307	63.780783
-20.343301	63.798295
-20.318296	63.815778
-20.293290	63.833231
-20.268285	63.850655
-20.243280	63.868049
-20.218274	63.885413
-20.193269	63.902747
-20.168263	63.920052
-20.143258	63.937327
-20.118253	63.954572
-20.093247	63.971787
-20.068242	63.988968
-20.043236	64.006030
-20.018231	64.022734
-19.993226	64.039469
-19.968220	64.056234
-19.943215	64.073029
-19.918209	64.089855
-19.893204	64.106710
-19.868199	64.123595
-19.843193	64.140511
-19.818188	64.157456
-19.793182	64.174432
-19.768177	64.191438
-19.743172	64.208474
-19.718166	64.225497
-19.693161	64.242238
-19.668155	64.258997
-19.643150	64.275776
-19.618144	64.292574
-19.593139	64.309393
-19.568134	64.326232
-19.543128	64.343090
-19.518123	64.359969
-19.493117	64.376867
-19.468112	64.393785
-19.443107	64.410724
-19.418101	64.427682
-19.393096	64.444660
-19.368090	64.461661
-19.343085	64.478752
-19.318080	64.495983
-19.293074	64.513207
-19.268069	64.530392
-19.243063	64.547536
-19.218058	64.564641
-19.193053	64.581707
-19.168047	64.598732
-19.143042	64.615718
-19.118036	64.632665
-19.093031	64.649571
-19.068025	64.666438
-19.043020	64.683265
-19.018015	64.700053
-18.993009	64.716993
-18.968004	64.733822
-18.942998	64.750542
-18.917993	64.767212
-18.892988	64.783833
-18.867982	64.800404
-18.842977	64.816925
-18.817971	64.833397
-18.792966	64.849819
-18.767961	64.866191
-18.742955	64.882514
-18.717950	64.898787
-18.692944	64.915010
-18.667939	64.931184
-18.642934	64.946991
-18.617928	64.962723
-18.592923	64.978392
-18.567917	64.994011
-18.542912	65.009580
-18.517907	65.025100
-18.492901	65.040570
-18.467896	65.055991
-18.442890	65.071362
-18.417885	65.086683
-18.392879	65.101955
-18.367874	65.117177
-18.342869	65.132350
-18.317863	65.147473
-18.292858	65.162413
-18.267852	65.177336
-18.242847	65.192240
-18.217842	65.207095
-18.192836	65.221900
-18.167831	65.236656
-18.142825	65.251362
-18.117820	65.266018
-18.092815	65.280625
-18.067809	65.295182
-18.042804	65.309690
-18.017798	65.324147
-17.992793	65.338556
-17.967788	65.352914
-17.942782	65.367126
-17.917777	65.381216
-17.892771	65.394723
-17.867766	65.408180
-17.842760	65.421588
-17.817755	65.434946
-17.792750	65.448254
-17.767744	65.461513
-17.742739	65.474722
-17.717733	65.487882
-17.692728	65.500992
-17.667723	65.514052
-17.642717	65.527063
-17.617712	65.540024
-17.592706	65.553004
-17.567701	65.566019
-17.542696	65.578978
-17.517690	65.591881
-17.492685	65.604734
-17.467679	65.617537
-17.442674	65.630290
-17.417669	65.642993
-17.392663	65.655646
-17.367658	65.668249
-17.342652	65.680802
-17.317647	65.693305
-17.292641	65.705758
-17.267636	65.718161
-17.242631	65.730201
-17.217625	65.741943
-17.192620	65.753487
-17.167614	65.764874
-17.142609	65.776192
-17.117604	65.787441
-17.092598	65.798620
-17.067593	65.809730
-17.042587	65.820771
-17.017582	65.831743
-16.992577	65.842645
-16.967571	65.853477
-16.942566	65.864241
-16.917560	65.874935
-16.892555	65.885497
-16.867550	65.895973
-16.842544	65.906345
-16.817539	65.916569
-16.792533	65.926773
-16.767528	65.936958
-16.742523	65.947124
-16.717517	65.957270
-16.692512	65.967397
-16.667506	65.977504
-16.642501	65.987591
-16.617495	65.997659
-16.592490	66.007707
-16.567485	66.017736
-16.542479	66.027800
-16.517474	66.037990
-16.492468	66.048215
-16.467463	66.058414
-16.442458	66.068614
-16.417452	66.078814
-16.392447	66.089014
-16.367441	66.099214
-16.342436	66.109414
-16.317431	66.119614
-16.292425	66.129814
-16.267420	66.140014
-16.242414	66.150214
-16.217409	66.160414
-16.192404	66.170569
-16.167398	66.180618
-16.142393	66.190683
-16.117387	66.200635
-16.092382	66.210607
-16.067376	66.220598
-16.042371	66.230610
-16.017366	66.240641
-15.992360	66.250693
-15.967355	66.260764
-15.942349	66.270855
-15.917344	66.280966
-15.892339	66.291097
-15.867333	66.301248
-15.842328	66.311350
-15.817322	66.321172
-15.792317	66.331044
-15.767312	66.340585
-15.742306	66.350085
-15.717301	66.359585
-15.692295	66.369084
-15.667290	66.378584
-15.642285	66.388084
-15.617279	66.397583
-15.592274	66.407083
-15.567268	66.416583
-15.542263	66.426083
-15.517257	66.435582
-15.492252	66.445104
-15.467247	66.454899
-15.442241	66.464793
-15.417236	66.474867
-15.392230	66.484947
-15.367225	66.494977
-15.342220	66.504957
-15.317214	66.514887
-15.292209	66.524767
-15.267203	66.534597
-15.242198	66.544377
-15.217193	66.554107
-15.192187	66.563787
-15.167182	66.573417
-15.142176	66.582996
-15.117171	66.592579
-15.092166	66.602231
-15.067160	66.611971
-15.042155	66.621745
-15.017149	66.631519
-14.992144	66.641294
-14.967139	66.651068
-14.942133	66.660842
-14.917128	66.670616
-14.892122	66.680391
-14.867117	66.690165
-14.842111	66.699939
-14.817106	66.709714
-14.792101	66.719488
-14.767095	66.729381
-14.742090	66.739381
-14.717084	66.749502
-14.692079	66.759702
-14.667074	66.769902
-14.642068	66.780102
-14.617063	66.790302
-14.592057	66.800502
-14.567052	66.810702
-14.542047	66.820902
-14.517041	66.831101
-14.492036	66.841301
-14.467030	66.851501
-14.442025	66.861701
-14.417020	66.871684
-14.392014	66.881670
-14.367009	66.891658
-14.342003	66.901354
-14.316998	66.911080
-14.291992	66.920836
-14.266987	66.930621
-14.241982	66.940436
-14.216976	66.950280
-14.191971	66.960154
-14.166965	66.970057
-14.141960	66.979990
-14.116955	66.989952
-14.091949	66.999944
-14.066944	67.009712
-14.041938	67.019418
-14.016933	67.029144
-13.991928	67.038695
-13.966922	67.048251
-13.941917	67.057827
-13.916911	67.067422
-13.891906	67.077036
-13.866901	67.086669
-13.841895	67.096321
-13.816890	67.105993
-13.791884	67.115685
-13.766879	67.125395
-13.741873	67.135125
-13.716868	67.144680
-13.691863	67.154166
-13.666857	67.163682
-13.641852	67.173085
-13.616846	67.182441
-13.591841	67.191796
-13.566836	67.201151
-13.541830	67.210506
-13.516825	67.219860
-13.491819	67.229214
-13.466814	67.238568
-13.441809	67.247921
-13.416803	67.257274
-13.391798	67.266626
-13.366792	67.276040
-13.341787	67.285523
-13.316782	67.295038
-13.291776	67.304554
-13.266771	67.314054
-13.241765	67.323553
-13.216760	67.333051
-13.191755	67.342549
-13.166749	67.352047
-13.141744	67.361543
-13.116738	67.371039
-13.091733	67.380535
-13.066727	67.390030
-13.041722	67.399524
-13.016717	67.408900
-12.991711	67.418171
-12.966706	67.427461
-12.941700	67.436828
-12.916695	67.446325
-12.891690	67.455851
-12.866684	67.465408
-12.841679	67.474994
-12.816673	67.484610
-12.791668	67.494255
-12.766663	67.503930
-12.741657	67.513635
-12.716652	67.523370
-12.691646	67.533134
-12.666641	67.542803
-12.641636	67.552297
-12.616630	67.561791
-12.591625	67.571218
-12.566619	67.580334
-12.541614	67.589529
-12.516608	67.598804
-12.491603	67.608158
-12.466598	67.617592
-12.441592	67.627105
-12.416587	67.636698
-12.391581	67.646370
-12.366576	67.656122
-12.341571	67.665954
-12.316565	67.675856
-12.291560	67.685799
-12.266554	67.695793
-12.241549	67.705836
-12.216544	67.715642
-12.191538	67.725448
-12.166533	67.735264
-12.141527	67.745091
-12.116522	67.754928
-12.091517	67.764775
-12.066511	67.774632
-12.041506	67.784500
-12.016500	67.794377
-11.991495	67.804265
-11.966489	67.814117
-11.941484	67.823822
-11.916479	67.833527
-11.891473	67.843231
-11.866468	67.853045
-11.841462	67.862891
-11.816457	67.872738
-11.791452	67.882585
-11.766446	67.892432
-11.741441	67.902280
-11.716435	67.912128
-11.691430	67.921977
-11.666425	67.931826
-11.641419	67.941675
-11.616414	67.951509
-11.591408	67.961238
-11.566403	67.970948
-11.541398	67.980637
-11.516392	67.990211
-11.491387	67.999690
-11.466381	68.009139
-11.441376	68.018559
-11.416371	68.027949
-11.391365	68.037310
-11.366360	68.046642
-11.341354	68.055944
-11.316349	68.065216
-11.291343	68.074459
-11.266338	68.083671
-11.241333	68.092841
-11.216327	68.101992
-11.191322	68.111122
-11.166316	68.120208
-11.141311	68.129216
-11.116306	68.138174
-11.091300	68.147082
-11.066295	68.155940
-11.041289	68.164748
-11.016284	68.173507
-10.991279	68.182215
-10.966273	68.190874
-10.941268	68.199483
-10.916262	68.208043
-10.891257	68.216524
-10.866252	68.224974
-10.841246	68.233394
-10.816241	68.241748
-10.791235	68.249916
-10.766230	68.258035
-10.741224	68.266104
-10.716219	68.274124
-10.691214	68.282094
-10.666208	68.290015
-10.641203	68.297887
-10.616197	68.305709
-10.591192	68.313482
-10.566187	68.321205
-10.541181	68.328540
-10.516176	68.335803
-10.491170	68.343036
-10.466165	68.350240
-10.441160	68.357229
-10.416154	68.364198
-10.391149	68.371147
-10.366143	68.378077
-10.341138	68.384985
-10.316133	68.391874
-10.291127	68.398743
-10.266122	68.405592
-10.241116	68.412420
-10.216111	68.419228
-10.191105	68.425725
-10.166100	68.432095
-10.141095	68.438405
-10.116089	68.444655
-10.091084	68.450580
-10.066078	68.456420
-10.041073	68.462239
-10.016068	68.468038
-9.991062	68.473816
-9.966057	68.479575
-9.941051	68.485314
-9.916046	68.491032
-9.891041	68.496730
-9.866035	68.502409
-9.841030	68.507850
-9.816024	68.513162
-9.791019	68.518424
-9.766014	68.523637
-9.741008	68.528400
-9.716003	68.532881
-9.690997	68.537331
-9.665992	68.541752
-9.640987	68.546144
-9.615981	68.550505
-9.590976	68.554837
-9.565970	68.559139
-9.540965	68.563411
-9.515959	68.567654
-9.490954	68.571476
-9.465949	68.575000
-9.440943	68.578444
-9.415938	68.581807
-9.390932	68.584950
-9.365927	68.587831
-9.340922	68.590641
-9.315916	68.593383
-9.290911	68.596054
-9.265905	68.598656
-9.240900	68.601189
-9.215895	68.603652
-9.190889	68.606046
-9.165884	68.608370
-9.140878	68.610583
-9.115873	68.612724
-9.090868	68.614835
-9.065862	68.616916
-9.040857	68.619016
-9.015851	68.621250
-8.990846	68.623454
-8.965840	68.625628
-8.940835	68.627773
-8.915830	68.629888
-8.890824	68.631973
-8.865819	68.634029
-8.840813	68.636055
-8.815808	68.638051
-8.790803	68.640187
-8.765797	68.642511
-8.740792	68.644835
-8.715786	68.647159
-8.690781	68.649480
-8.665776	68.651723
-8.640770	68.653935
-8.615765	68.656118
-8.590759	68.658270
-8.565754	68.660393
-8.540749	68.662485
-8.515743	68.664547
-8.490738	68.666579
-8.465732	68.668581
-8.440727	68.670506
-8.415721	68.672365
-8.390716	68.674253
-8.365711	68.676171
-8.340705	68.678118
-8.315700	68.679973
-8.290694	68.681761
-8.265689	68.683499
-8.240684	68.685188
-8.215678	68.686828
-8.190673	68.688418
-8.165667	68.689958
-8.140662	68.691448
-8.115657	68.692889
-8.090651	68.694320
-8.065646	68.695862
-8.040640	68.697453
-8.015635	68.699095
-7.990630	68.700785
-7.965624	68.702447
-7.940619	68.704035
-7.915613	68.705572
-7.890608	68.707060
-7.865603	68.708499
-7.840597	68.709888
-7.815592	68.711227
-7.790586	68.712517
-7.765581	68.713757
-7.740575	68.714944
-7.715570	68.716131
-7.690565	68.717367
-7.665559	68.718652
-7.640554	68.719986
-7.615548	68.721412
-7.590543	68.722865
-7.565538	68.724268
-7.540532	68.725622
-7.515527	68.726926
-7.490521	68.728180
-7.465516	68.729385
-7.440511	68.730540
-7.415505	68.731646
-7.390500	68.732697
-7.365494	68.733702
-7.340489	68.734738
-7.315484	68.735803
-7.290478	68.736898
-7.265473	68.738061
-7.240467	68.739309
-7.215462	68.740508
-7.190456	68.741656
-7.165451	68.742754
-7.140446	68.743801
-7.115440	68.744799
-7.090435	68.745746
-7.065429	68.746643
-7.040424	68.747493
-7.015419	68.748408
-6.990413	68.749324
-6.965408	68.750241
-6.940402	68.751158
-6.915397	68.752086
-6.890392	68.753125
-6.865386	68.754134
-6.840381	68.755112
-6.815375	68.756059
-6.790370	68.756975
-6.765365	68.757861
-6.740359	68.758716
-6.715354	68.759540
-6.690348	68.760333
-6.665343	68.761037
-6.640337	68.761737
-6.615332	68.762437
-6.590327	68.763138
-6.565321	68.763838
-6.540316	68.764419
-6.515310	68.764983
-6.490305	68.765547
-6.465300	68.766111
-6.440294	68.766676
-6.415289	68.767240
-6.390283	68.767804
-6.365278	68.768368
-6.340273	68.768932
-6.315267	68.769249
-6.290262	68.769498
-6.265256	68.769717
-6.240251	68.769906
-6.215246	68.770064
-6.190240	68.770008
-6.165235	68.769821
-6.140229	68.769584
-6.115224	68.769297
-6.090219	68.768961
-6.065213	68.768576
-6.040208	68.768140
-6.015202	68.767655
-5.990197	68.767121
-5.965191	68.766614
-5.940186	68.766124
-5.915181	68.765633
-5.890175	68.765142
-5.865170	68.764650
-5.840164	68.764177
-5.815159	68.763679
-5.790154	68.763121
-5.765148	68.762504
-5.740143	68.761827
-5.715137	68.761090
-5.690132	68.760294
-5.665127	68.759438
-5.640121	68.758523
-5.615116	68.757531
-5.590110	68.756507
-5.565105	68.755464
-5.540100	68.754400
-5.515094	68.753318
-5.490089	68.752269
-5.465083	68.751321
-5.440078	68.750342
-5.415072	68.749334
-5.390067	68.748297
-5.365062	68.747230
-5.340056	68.746134
-5.315051	68.745008
-5.290045	68.743852
-5.265040	68.742694
-5.240035	68.741506
-5.215029	68.740268
-5.190024	68.738980
-5.165018	68.737642
-5.140013	68.736254
-5.115008	68.734816
-5.090002	68.733328
-5.064997	68.731791
-5.039991	68.730205
-5.014986	68.728571
-4.989981	68.726887
-4.964975	68.725154
-4.939970	68.723372
-4.914964	68.721543
-4.889959	68.719664
-4.864953	68.717736
-4.839948	68.715758
-4.814943	68.713730
-4.789937	68.711652
-4.764932	68.709246
-4.739926	68.706717
-4.714921	68.704087
-4.689916	68.701358
-4.664910	68.698528
-4.639905	68.695599
-4.614899	68.692569
-4.589894	68.689439
-4.564889	68.686249
-4.539883	68.683082
-4.514878	68.679915
-4.489872	68.676747
-4.464867	68.673580
-4.439862	68.670413
-4.414856	68.667442
-4.389851	68.664486
-4.364845	68.661461
-4.339840	68.658368
-4.314835	68.655205
-4.289829	68.651974
-4.264824	68.648674
-4.239818	68.645304
-4.214813	68.642019
-4.189807	68.639000
-4.164802	68.635981
-4.139797	68.632963
-4.114791	68.629944
-4.089786	68.626925
-4.064780	68.624241
-4.039775	68.621839
-4.014770	68.619418
-3.989764	68.616978
-3.964759	68.614519
-3.939753	68.612040
-3.914748	68.609542
-3.889743	68.607024
-3.864737	68.604655
-3.839732	68.602755
-3.814726	68.600855
-3.789721	68.598955
-3.764716	68.597055
-3.739710	68.595155
-3.714705	68.593419
-3.689699	68.592008
-3.664694	68.590599
-3.639688	68.589190
-3.614683	68.587782
-3.589678	68.586375
-3.564672	68.584970
-3.539667	68.583565
-3.514661	68.582161
-3.489656	68.580756
-3.464651	68.579350
-3.439645	68.577943
-3.414640	68.576535
-3.389634	68.575125
-3.364629	68.573749
-3.339624	68.572588
-3.314618	68.571459
-3.289613	68.570361
-3.264607	68.569293
-3.239602	68.568257
-3.214597	68.567253
-3.189591	68.566279
-3.164586	68.565338
-3.139580	68.564410
-3.114575	68.563430
-3.089569	68.562400
-3.064564	68.561318
-3.039559	68.560185
-3.014553	68.559001
-2.989548	68.557600
-2.964542	68.556190
-2.939537	68.554781
-2.914532	68.553374
-2.889526	68.551967
-2.864521	68.550561
-2.839515	68.549156
-2.814510	68.547752
-2.789505	68.546700
-2.764499	68.545647
-2.739494	68.544595
-2.714488	68.543542
-2.689483	68.542490
-2.664478	68.541437
-2.639472	68.540464
-2.614467	68.539454
-2.589461	68.538376
-2.564456	68.537229
-2.539451	68.536013
-2.514445	68.534728
-2.489440	68.533374
-2.464434	68.531952
-2.439429	68.530414
-2.414423	68.528868
-2.389418	68.527321
-2.364413	68.525773
-2.339407	68.524224
-2.314402	68.522674
-2.289396	68.521104
-2.264391	68.519482
-2.239386	68.517811
-2.214380	68.516090
-2.189375	68.514321
-2.164369	68.512502
-2.139364	68.510635
-2.114359	68.508718
-2.089353	68.506531
-2.064348	68.504267
-2.039342	68.501973
-2.014337	68.499649
-1.989332	68.497294
-1.964326	68.494910
-1.939321	68.492508
-1.914315	68.490105
-1.889310	68.487682
-1.864304	68.485240
-1.839299	68.482777
-1.814294	68.480294
-1.789288	68.477792
-1.764283	68.475269
-1.739277	68.472792
-1.714272	68.470291
-1.689267	68.467740
-1.664261	68.465139
-1.639256	68.462489
-1.614250	68.459788
-1.589245	68.457042
-1.564240	68.454288
-1.539234	68.451515
-1.514229	68.448722
-1.489223	68.445908
-1.464218	68.443075
-1.439213	68.440222
-1.414207	68.437349
-1.389202	68.434610
-1.364196	68.431906
-1.339191	68.429152
-1.314185	68.426349
-1.289180	68.423496
-1.264175	68.420594
-1.239169	68.417642
-1.214164	68.414911
-1.189158	68.412114
-1.164153	68.409247
-1.139148	68.406310
-1.114142	68.403303
-1.089137	68.400226
-1.064131	68.397080
-1.039126	68.394007
-1.014121	68.390981
-0.989115	68.387895
-0.964110	68.384749
-0.939104	68.381544
-0.914099	68.378279
-0.889094	68.374955
-0.864088	68.371912
-0.839083	68.368935
-0.814077	68.365938
-0.789072	68.362921
-0.764067	68.359884
-0.739061	68.356827
-0.714056	68.353750
-0.689050	68.350871
-0.664045	68.348179
-0.639039	68.345437
-0.614034	68.342645
-0.589029	68.339803
-0.564023	68.336911
-0.539018	68.333969
-0.514012	68.331465
-0.489007	68.329260
-0.464002	68.327035
-0.438996	68.324790
-0.413991	68.322525
-0.388985	68.320240
-0.363980	68.317936
-0.338975	68.316239
-0.313969	68.315487
-0.288964	68.314754
-0.263958	68.314042
-0.238953	68.313349
-0.213948	68.312676
-0.188942	68.312023
-0.163937	68.312061
-0.138931	68.313089
-0.113926	68.314128
-0.088920	68.315176
-0.063915	68.316235
-0.038910	68.317304
-0.013904	68.318383
0.011101	68.319938
0.036107	68.322487
0.061112	68.325007
0.086117	68.327497
0.111123	68.329957
0.136128	68.332387
0.161134	68.334788
0.186139	68.337360
0.211144	68.340634
0.236150	68.343869
0.261155	68.347064
0.286161	68.350219
0.311166	68.353334
0.336171	68.356410
0.361177	68.359526
0.386182	68.362860
0.411188	68.366133
0.436193	68.369347
0.461199	68.372501
0.486204	68.375594
0.511209	68.378628
0.536215	68.381607
0.561220	68.384763
0.586226	68.387850
0.611231	68.390867
0.636236	68.393815
0.661242	68.396693
0.686247	68.399501
0.711253	68.402281
0.736258	68.405247
0.761263	68.408162
0.786269	68.411028
0.811274	68.413844
0.836280	68.416609
0.861285	68.419325
0.886290	68.421990
0.911296	68.424897
0.936301	68.427815
0.961307	68.430683
0.986312	68.433501
1.011317	68.436268
1.036323	68.438986
1.061328	68.441674
1.086334	68.444645
1.111339	68.447566
1.136345	68.450438
1.161350	68.453261
1.186355	68.456034
1.211361	68.458757
1.236366	68.461431
1.261372	68.464055
1.286377	68.466627
1.311382	68.469150
1.336388	68.471622
1.361393	68.474044
1.386399	68.476417
1.411404	68.478739
1.436409	68.480915
1.461415	68.483069
1.486420	68.485202
1.511426	68.487315
1.536431	68.489409
1.561436	68.491483
1.586442	68.493536
1.611447	68.495552
1.636453	68.497518
1.661458	68.499454
1.686464	68.501360
1.711469	68.503235
1.736474	68.505081
1.761480	68.506896
1.786485	68.508718
1.811491	68.510526
1.836496	68.512314
1.861501	68.514084
1.886507	68.515834
1.911512	68.517566
1.936518	68.519279
1.961523	68.520951
1.986528	68.522511
2.011534	68.524011
2.036539	68.525449
2.061545	68.526826
2.086550	68.528141
2.111555	68.529396
2.136561	68.530648
2.161566	68.531893
2.186572	68.533118
2.211577	68.534324
2.236583	68.535511
2.261588	68.536680
2.286593	68.537829
2.311599	68.538972
2.336604	68.540294
2.361610	68.541595
2.386615	68.542875
2.411620	68.544134
2.436626	68.545372
2.461631	68.546589
2.486637	68.547760
2.511642	68.548892
2.536647	68.549996
2.561653	68.551070
2.586658	68.552115
2.611664	68.553131
2.636669	68.554118
2.661674	68.555076
2.686680	68.556057
2.711685	68.557044
2.736691	68.558030
2.761696	68.559016
2.786701	68.560001
2.811707	68.560987
2.836712	68.562060
2.861718	68.563170
2.886723	68.564260
2.911729	68.565331
2.936734	68.566382
2.961739	68.567413
2.986745	68.568425
3.011750	68.569418
3.036756	68.570589
3.061761	68.571853
3.086766	68.573118
3.111772	68.574383
3.136777	68.575647
3.161783	68.576912
3.186788	68.578446
3.211793	68.580206
3.236799	68.581968
3.261804	68.583730
3.286810	68.585492
3.311815	68.587255
3.336820	68.589019
3.361826	68.590783
3.386831	68.592820
3.411837	68.595132
3.436842	68.597415
3.461848	68.599668
3.486853	68.601891
3.511858	68.604085
3.536864	68.606452
3.561869	68.609051
3.586875	68.611651
3.611880	68.614251
3.636885	68.616851
3.661891	68.619451
3.686896	68.622051
3.711902	68.624652
3.736907	68.627412
3.761912	68.630539
3.786918	68.633617
3.811923	68.636646
3.836929	68.639624
3.861934	68.642553
3.886939	68.645720
3.911945	68.649335
3.936950	68.652921
3.961956	68.656477
3.986961	68.660004
4.011967	68.663502
4.036972	68.666969
4.061977	68.670408
4.086983	68.673846
4.111988	68.677528
4.136994	68.681140
4.161999	68.684681
4.187004	68.688151
4.212010	68.691551
4.237015	68.694817
4.262021	68.697866
4.287026	68.700867
4.312031	68.703818
4.337037	68.706719
4.362042	68.709571
4.387048	68.712374
4.412053	68.715127
4.437058	68.717831
4.462064	68.720298
4.487069	68.722694
4.512075	68.725042
4.537080	68.727340
4.562085	68.729590
4.587091	68.731748
4.612096	68.733684
4.637102	68.735570
4.662107	68.737405
4.687113	68.739190
4.712118	68.740924
4.737123	68.742607
4.762129	68.744240
4.787134	68.745822
4.812140	68.747107
4.837145	68.748240
4.862150	68.749324
4.887156	68.750359
4.912161	68.751345
4.937167	68.752292
4.962172	68.753282
4.987177	68.754252
5.012183	68.755202
5.037188	68.756133
5.062194	68.757043
5.087199	68.757934
5.112204	68.758804
5.137210	68.759655
5.162215	68.760499
5.187221	68.761307
5.212226	68.762055
5.237232	68.762743
5.262237	68.763372
5.287242	68.763940
5.312248	68.764434
5.337253	68.764928
5.362259	68.765421
5.387264	68.765914
5.412269	68.766406
5.437275	68.766898
5.462280	68.767389
5.487286	68.767881
5.512291	68.768367
5.537296	68.768812
5.562302	68.769207
5.587307	68.769553
5.612313	68.769849
5.637318	68.770095
5.662323	68.769960
5.687329	68.769755
5.712334	68.769501
5.737340	68.769196
5.762345	68.768842
5.787351	68.768439
5.812356	68.767986
5.837361	68.767483
5.862367	68.766932
5.887372	68.766368
5.912378	68.765804
5.937383	68.765240
5.962388	68.764675
5.987394	68.764111
6.012399	68.763796
6.037405	68.763505
6.062410	68.763193
6.087415	68.762862
6.112421	68.762511
6.137426	68.762140
6.162432	68.761749
6.187437	68.761338
6.212442	68.760907
6.237448	68.760282
6.262453	68.759615
6.287459	68.758918
6.312464	68.758191
6.337469	68.757434
6.362475	68.756662
6.387480	68.755890
6.412486	68.755117
6.437491	68.754345
6.462497	68.753571
6.487502	68.752797
6.512507	68.752022
6.537513	68.751247
6.562518	68.750471
6.587524	68.749884
6.612529	68.749347
6.637534	68.748791
6.662540	68.748216
6.687545	68.747621
6.712551	68.746892
6.737556	68.746080
6.762561	68.745239
6.787567	68.744367
6.812572	68.743465
6.837578	68.742532
6.862583	68.741569
6.887588	68.740576
6.912594	68.739553
6.937599	68.738464
6.962605	68.737364
6.987610	68.736293
7.012616	68.735251
7.037621	68.734240
7.062626	68.733234
7.087632	68.732211
7.112637	68.731178
7.137643	68.730136
7.162648	68.729084
7.187653	68.728023
7.212659	68.726952
7.237664	68.725871
7.262670	68.724781
7.287675	68.723639
7.312680	68.722405
7.337686	68.721150
7.362691	68.719875
7.387697	68.718580
7.412702	68.717247
7.437707	68.715907
7.462713	68.714588
7.487718	68.713288
7.512724	68.712009
7.537729	68.710749
7.562735	68.709510
7.587740	68.708291
7.612745	68.707092
7.637751	68.705883
7.662756	68.704515
7.687762	68.703127
7.712767	68.701719
7.737772	68.700291
7.762778	68.698734
7.787783	68.697016
7.812789	68.695288
7.837794	68.693549
7.862799	68.691799
7.887805	68.690038
7.912810	68.688267
7.937816	68.686484
7.962821	68.684691
7.987826	68.682887
8.012832	68.680956
8.037837	68.679002
8.062843	68.677028
8.087848	68.675035
8.112853	68.673082
8.137859	68.671250
8.162864	68.669437
8.187870	68.667644
8.212875	68.665870
8.237881	68.664116
8.262886	68.662381
8.287891	68.660665
8.312897	68.658970
8.337902	68.657293
8.362908	68.655522
8.387913	68.653675
8.412918	68.651778
8.437924	68.649832
8.462929	68.647788
8.487935	68.645599
8.512940	68.643428
8.537945	68.641277
8.562951	68.639146
8.587956	68.637033
8.612962	68.634940
8.637967	68.632866
8.662972	68.630812
8.687978	68.628777
8.712983	68.626725
8.737989	68.624636
8.762994	68.622527
8.788000	68.620399
8.813005	68.618182
8.838010	68.615564
8.863016	68.612866
8.888021	68.610089
8.913027	68.607233
8.938032	68.604296
8.963037	68.601281
8.988043	68.598186
9.013048	68.595011
9.038054	68.591757
9.063059	68.588263
9.088064	68.584459
9.113070	68.580605
9.138075	68.576700
9.163081	68.572730
9.188086	68.568530
9.213091	68.564261
9.238097	68.559923
9.263102	68.555515
9.288108	68.551037
9.313113	68.546491
9.338119	68.541875
9.363124	68.537190
9.388129	68.532435
9.413135	68.527524
9.438140	68.522198
9.463146	68.516811
9.488151	68.511366
9.513156	68.505860
9.538162	68.499972
9.563167	68.494065
9.588173	68.488137
9.613178	68.482191
9.638183	68.476224
9.663189	68.470238
9.688194	68.464233
9.713200	68.458208
9.738205	68.452164
9.763210	68.446099
9.788216	68.439709
9.813221	68.433270
9.838227	68.426782
9.863232	68.420244
9.888237	68.413266
9.913243	68.406202
9.938248	68.399087
9.963254	68.391923
9.988259	68.384708
10.013265	68.377443
10.038270	68.370129
10.063275	68.362764
10.088281	68.355349
10.113286	68.347884
10.138292	68.340332
10.163297	68.332749
10.188302	68.325147
10.213308	68.317526
10.238313	68.309750
10.263319	68.301917
10.288324	68.294054
10.313329	68.286160
10.338335	68.278235
10.363340	68.270280
10.388346	68.262295
10.413351	68.254279
10.438356	68.246232
10.463362	68.238155
10.488367	68.229950
10.513373	68.221664
10.538378	68.213357
10.563384	68.205030
10.588389	68.196614
10.613394	68.188171
10.638400	68.179729
10.663405	68.171287
10.688411	68.162846
10.713416	68.154406
10.738421	68.145966
10.763427	68.137527
10.788432	68.129089
10.813438	68.120651
10.838443	68.112099
10.863448	68.103358
10.888454	68.094566
10.913459	68.085724
10.938465	68.076671
10.963470	68.067527
10.988475	68.058383
11.013481	68.049240
11.038486	68.040097
11.063492	68.030955
11.088497	68.021814
11.113503	68.012673
11.138508	68.003533
11.163513	67.994393
11.188519	67.985143
11.213524	67.975493
11.238530	67.965794
11.263535	67.956043
11.288540	67.946131
11.313546	67.936172
11.338551	67.926274
11.363557	67.916436
11.388562	67.906659
11.413567	67.896942
11.438573	67.887286
11.463578	67.877690
11.488584	67.868155
11.513589	67.858681
11.538594	67.849269
11.563600	67.839919
11.588605	67.830569
11.613611	67.821220
11.638616	67.811747
11.663621	67.802129
11.688627	67.792491
11.713632	67.782832
11.738638	67.773154
11.763643	67.763456
11.788649	67.753738
11.813654	67.744000
11.838659	67.734242
11.863665	67.724465
11.888670	67.714667
11.913676	67.704823
11.938681	67.694971
11.963686	67.685118
11.988692	67.675287
12.013697	67.665509
12.038703	67.655763
12.063708	67.646047
12.088713	67.636363
12.113719	67.626710
12.138724	67.617088
12.163730	67.607497
12.188735	67.597937
12.213740	67.588408
12.238746	67.578911
12.263751	67.569359
12.288757	67.559743
12.313762	67.550098
12.338768	67.540389
12.363773	67.530619
12.388778	67.520879
12.413784	67.511169
12.438789	67.501489
12.463795	67.491839
12.488800	67.482219
12.513805	67.472630
12.538811	67.463070
12.563816	67.453541
12.588822	67.444042
12.613827	67.434623
12.638832	67.425307
12.663838	67.416041
12.688843	67.406756
12.713849	67.397259
12.738854	67.387762
12.763859	67.378265
12.788865	67.368768
12.813870	67.359271
12.838876	67.349775
12.863881	67.340278
12.888887	67.330781
12.913892	67.321284
12.938897	67.311787
12.963903	67.302177
12.988908	67.292293
13.013914	67.282458
13.038919	67.272673
13.063924	67.262937
13.088930	67.253251
13.113935	67.243615
13.138941	67.234028
13.163946	67.224491
13.188951	67.215004
13.213957	67.205566
13.238962	67.196177
13.263968	67.186839
13.288973	67.177550
13.313978	67.168269
13.338984	67.158470
13.363989	67.148622
13.388995	67.138698
13.414000	67.128351
13.439005	67.118103
13.464011	67.107955
13.489016	67.097907
13.514022	67.087957
13.539027	67.078108
13.564033	67.068357
13.589038	67.058707
13.614043	67.049155
13.639049	67.039703
13.664054	67.030351
13.689060	67.020880
13.714065	67.011385
13.739070	67.001891
13.764076	66.991755
13.789081	66.981617
13.814087	66.971500
13.839092	66.961402
13.864097	66.951325
13.889103	66.941267
13.914108	66.931229
13.939114	66.921211
13.964119	66.911213
13.989124	66.901235
14.014130	66.891277
14.039135	66.881136
14.064141	66.870931
14.089146	66.860755
14.114152	66.850421
14.139157	66.840130
14.164162	66.829909
14.189168	66.819758
14.214173	66.809677
14.239179	66.799665
14.264184	66.789724
14.289189	66.779853
14.314195	66.770051
14.339200	66.760320
14.364206	66.750658
14.389211	66.740847
14.414216	66.730851
14.439222	66.720885
14.464227	66.710864
14.489233	66.700870
14.514238	66.690926
14.539243	66.681032
14.564249	66.671187
14.589254	66.661393
14.614260	66.651649
14.639265	66.641955
14.664271	66.632311
14.689276	66.622717
14.714281	66.613173
14.739287	66.603625
14.764292	66.593984
14.789298	66.584363
14.814303	66.574586
14.839308	66.564741
14.864314	66.554896
14.889319	66.545051
14.914325	66.535206
14.939330	66.525361
14.964335	66.515516
14.989341	66.505671
15.014346	66.495826
15.039352	66.485981
15.064357	66.476136
15.089362	66.466308
15.114368	66.456639
15.139373	66.447020
15.164379	66.437422
15.189384	66.427831
15.214389	66.418259
15.239395	66.408707
15.264400	66.399175
15.289406	66.389662
15.314411	66.380168
15.339417	66.370695
15.364422	66.361240
15.389427	66.351805
15.414433	66.342390
15.439438	66.332994
15.464444	66.323294
15.489449	66.313594
15.514454	66.303827
15.539460	66.293982
15.564465	66.284137
15.589471	66.274292
15.614476	66.264447
15.639481	66.254602
15.664487	66.244757
15.689492	66.234912
15.714498	66.225067
15.739503	66.215222
15.764508	66.205377
15.789514	66.195532
15.814519	66.185533
15.839525	66.175476
15.864530	66.165341
15.889536	66.155133
15.914541	66.144955
15.939546	66.134808
15.964552	66.124690
15.989557	66.114603
16.014563	66.104546
16.039568	66.094519
16.064573	66.084522
16.089579	66.074555
16.114584	66.064618
16.139590	66.054711
16.164595	66.044782
16.189600	66.034798
16.214606	66.024695
16.239611	66.014453
16.264617	66.004260
16.289622	65.994117
16.314627	65.984025
16.339633	65.973982
16.364638	65.963990
16.389644	65.954047
16.414649	65.944154
16.439655	65.934312
16.464660	65.924519
16.489665	65.914777
16.514671	65.904762
16.539676	65.894088
16.564682	65.883129
16.589687	65.871594
16.614692	65.860059
16.639698	65.848524
16.664703	65.836990
16.689709	65.825455
16.714714	65.813921
16.739719	65.802387
16.764725	65.790854
16.789730	65.779320
16.814736	65.767787
16.839741	65.756254
16.864746	65.744643
16.889752	65.732559
16.914757	65.720340
16.939763	65.707680
16.964768	65.695021
16.989773	65.682361
17.014779	65.669701
17.039784	65.657041
17.064790	65.644381
17.089795	65.631721
17.114801	65.619061
17.139806	65.606402
17.164811	65.593742
17.189817	65.581082
17.214822	65.568422
17.239828	65.555450
17.264833	65.542357
17.289838	65.528783
17.314844	65.515208
17.339849	65.501634
17.364855	65.488059
17.389860	65.474485
17.414865	65.460912
17.439871	65.447338
17.464876	65.433765
17.489882	65.420192
17.514887	65.406619
17.539892	65.393046
17.564898	65.379473
17.589903	65.365640
17.614909	65.351697
17.639914	65.337391
17.664920	65.323064
17.689925	65.308717
17.714930	65.294350
17.739936	65.279962
17.764941	65.265554
17.789947	65.251126
17.814952	65.236677
17.839957	65.222208
17.864963	65.207719
17.889968	65.193210
17.914974	65.178680
17.939979	65.163700
17.964984	65.148365
17.989990	65.133051
18.014995	65.117747
18.040001	65.102454
18.065006	65.087170
18.090011	65.071895
18.115017	65.056631
18.140022	65.041375
18.165028	65.026130
18.190033	65.010894
18.215039	64.995667
18.240044	64.980450
18.265049	64.965243
18.290055	64.950011
18.315060	64.934670
18.340066	64.918648
18.365071	64.902442
18.390076	64.886158
18.415082	64.869795
18.440087	64.853352
18.465093	64.836831
18.490098	64.820230
18.515103	64.803550
18.540109	64.786791
18.565114	64.769953
18.590120	64.753036
18.615125	64.736039
18.640130	64.718955
18.665136	64.701798
18.690141	64.685019
18.715147	64.668354
18.740152	64.651690
18.765157	64.635025
18.790163	64.618360
18.815168	64.601696
18.840174	64.585031
18.865179	64.568366
18.890185	64.551702
18.915190	64.535037
18.940195	64.518372
18.965201	64.501708
18.990206	64.485043
19.015212	64.468172
19.040217	64.450940
19.065222	64.433587
19.090228	64.416285
19.115233	64.399033
19.140239	64.381831
19.165244	64.364679
19.190249	64.347577
19.215255	64.330525
19.240260	64.313524
19.265266	64.296572
19.290271	64.279670
19.315276	64.262818
19.340282	64.246016
19.365287	64.229380
19.390293	64.212513
19.415298	64.195503
19.440304	64.178542
19.465309	64.161632
19.490314	64.144771
19.515320	64.127959
19.540325	64.111197
19.565331	64.094485
19.590336	64.077823
19.615341	64.061210
19.640347	64.044646
19.665352	64.028133
19.690358	64.011669
19.715363	63.995087
19.740368	63.978353
19.765374	63.961545
19.790379	63.944736
19.815385	63.927928
19.840390	63.911119
19.865395	63.894310
19.890401	63.877502
19.915406	63.860693
19.940412	63.843884
19.965417	63.827076
19.990423	63.810267
20.015428	63.793458
20.040433	63.776650
20.065439	63.759275
20.090444	63.740858
20.115450	63.722183
20.140455	63.703529
20.165460	63.684894
20.190466	63.666279
20.215471	63.647684
20.240477	63.629109
20.265482	63.610554
20.290487	63.592019
20.315493	63.573504
20.340498	63.555008
20.365504	63.536533
20.390509	63.518077
20.415514	63.499644
20.440520	63.480896
20.465525	63.461510
20.490531	63.442093
20.515536	63.422648
20.540541	63.403173
20.565547	63.383668
20.590552	63.364134
20.615558	63.344570
20.640563	63.324977
20.665569	63.305354
20.690574	63.285702
20.715579	63.266020
20.740585	63.246309
20.765590	63.226557
20.790596	63.206301
20.815601	63.186045
20.840606	63.165789
20.865612	63.145533
20.890617	63.125277
20.915623	63.105021
20.940628	63.084765
20.965633	63.064509
20.990639	63.044253
21.015644	63.023998
21.040650	63.003742
21.065655	62.983486
21.090660	62.963230
21.115666	62.942974
21.140671	62.921918
21.165677	62.899654
21.190682	62.877421
21.215688	62.855217
21.240693	62.833043
21.265698	62.810900
21.290704	62.788787
21.315709	62.766703
21.340715	62.744650
21.365720	62.722627
21.390725	62.700634
21.415731	62.678672
21.440736	62.656739
21.465742	62.634836
21.490747	62.612562
21.515752	62.589152
21.540758	62.565763
21.565763	62.542395
21.590769	62.519047
21.615774	62.495719
21.640779	62.472413
21.665785	62.449126
21.690790	62.425860
21.715796	62.402615
21.740801	62.379390
21.765807	62.356186
21.790812	62.333002
21.815817	62.309839
21.840823	62.286165
21.865828	62.261164
21.890834	62.236209
21.915839	62.211303
21.940844	62.186448
21.965850	62.161643
21.990855	62.136888
22.015861	62.112183
22.040866	62.087528
22.065871	62.062923
22.090877	62.038367
22.115882	62.013862
22.140888	61.989407
22.165893	61.965002
22.190898	61.940155
22.215904	61.913064
22.240909	61.885961
22.265915	61.858926
22.290920	61.831960
22.315925	61.805063
22.340931	61.778235
22.365936	61.751476
22.390942	61.724786
22.415947	61.698165
22.440953	61.671613
22.465958	61.645129
22.490963	61.618715
22.515969	61.592370
22.540974	61.566114
22.565980	61.539547
22.590985	61.512861
22.615990	61.486204
22.640996	61.459578
22.666001	61.432982
22.691007	61.406416
22.716012	61.379880
22.741017	61.353374
22.766023	61.326899
22.791028	61.300453
22.816034	61.274037
22.841039	61.247652
22.866044	61.221297
22.891050	61.194972
22.916055	61.167673
22.941061	61.140142
22.966066	61.112640
22.991072	61.085168
23.016077	61.057725
23.041082	61.030310
23.066088	61.002925
23.091093	60.975569
23.116099	60.948242
23.141104	60.920945
23.166109	60.893676
23.191115	60.866436
23.216120	60.839226
23.241126	60.812044
23.266131	60.783263
23.291136	60.753682
23.316142	60.724120
23.341147	60.694578
23.366153	60.665057
23.391158	60.635555
23.416163	60.606073
23.441169	60.576611
23.466174	60.547169
23.491180	60.517747
23.516185	60.488345
23.541191	60.458963
23.566196	60.429601
23.591201	60.400258
23.616207	60.369704
23.641212	60.338025
23.666218	60.306386
23.691223	60.274786
23.716228	60.243226
23.741234	60.211705
23.766239	60.180223
23.791245	60.148781
23.816250	60.117378
23.841255	60.086015
23.866261	60.054691
23.891266	60.023407
23.916272	59.992162
23.941277	59.960956
23.966282	59.929314
23.991288	59.897155
24.016293	59.865055
24.041299	59.833015
24.066304	59.801034
24.091309	59.769112
24.116315	59.737249
24.141320	59.705445
24.166326	59.673701
24.191331	59.642015
24.216337	59.610389
24.241342	59.578823
24.266347	59.547315
24.291353	59.515867
24.316358	59.484088
24.341364	59.450130
24.366369	59.416172
24.391374	59.382214
24.416380	59.348255
24.441385	59.314296
24.466391	59.280337
24.491396	59.246377
24.516401	59.212417
24.541407	59.178456
24.566412	59.144495
24.591418	59.110533
24.616423	59.076571
24.641428	59.042609
24.666434	59.008103
24.691439	58.972311
24.716445	58.936511
24.741450	58.900712
24.766456	58.864912
24.791461	58.829113
24.816466	58.793313
24.841472	58.757514
24.866477	58.721714
24.891483	58.685915
24.916488	58.650115
24.941493	58.614315
24.966499	58.578516
24.991504	58.542716
25.016510	58.506695
25.041515	58.469513
25.066520	58.432177
25.091526	58.394851
25.116531	58.357535
25.141537	58.320230
25.166542	58.282934
25.191547	58.245649
25.216553	58.208374
25.241558	58.171109
25.266564	58.133854
25.291569	58.096609
25.316575	58.059375
25.341580	58.022151
25.366585	57.984841
25.391591	57.945944
25.416596	57.906109
25.441602	57.866254
25.466607	57.826381
25.491612	57.786489
25.516618	57.746578
25.541623	57.706648
25.566629	57.666699
25.591634	57.626731
25.616639	57.586745
25.641645	57.546739
25.666650	57.506715
25.691656	57.466671
25.716661	57.426513
25.741666	57.383884
25.766672	57.339902
25.791677	57.295901
25.816683	57.251880
25.841688	57.207839
25.866693	57.163779
25.891699	57.119699
25.916704	57.075600
25.941710	57.031482
25.966715	56.987343
25.991721	56.943186
26.016726	56.899008
26.041731	56.854812
26.066737	56.810596
26.091742	56.764719
26.116748	56.718742
26.141753	56.672785
26.166758	56.626847
26.191764	56.580928
26.216769	56.535029
26.241775	56.489149
26.266780	56.443288
26.291785	56.397447
26.316791	56.351625
26.341796	56.305822
26.366802	56.260039
26.391807	56.214275
26.416812	56.168530
26.441818	56.122001
26.466823	56.074017
26.491829	56.025904
26.516834	55.977750
26.541840	55.929555
26.566845	55.881320
26.591850	55.833044
26.616856	55.784729
26.641861	55.736372
26.666867	55.687975
26.691872	55.639538
26.716877	55.591061
26.741883	55.542543
26.766888	55.493984
26.791894	55.444717
26.816899	55.393303
26.841904	55.341148
26.866910	55.288922
26.891915	55.236625
26.916921	55.184259
26.941926	55.131821
26.966931	55.079313
26.991937	55.026735
27.016942	54.974086
27.041948	54.921366
27.066953	54.868576
27.091959	54.815716
27.116964	54.762784
27.141969	54.708437
27.166975	54.653049
27.191980	54.597199
27.216986	54.541208
27.241991	54.485078
27.266996	54.428808
27.292002	54.372398
27.317007	54.315849
27.342013	54.259160
27.367018	54.202331
27.392023	54.145362
27.417029	54.088254
27.442034	54.031006
27.467040	53.973618
27.492045	53.914142
27.517050	53.852225
27.542056	53.788176
27.567061	53.723770
27.592067	53.659007
27.617072	53.593886
27.642077	53.528408
27.667083	53.462572
27.692088	53.396379
27.717094	53.329828
27.742099	53.262920
27.767105	53.195654
27.792110	53.128031
27.817115	53.060050
27.842121	52.988820
27.867126	52.913503
27.892132	52.832120
27.917137	52.749733
27.942142	52.666342
27.967148	52.581948
27.992153	52.496549
28.017159	52.410147
28.042164	52.322740
28.067169	52.234330
28.092175	52.144916
28.117180	52.054498
28.142186	51.963077
28.167191	51.870651
28.192196	51.769547
28.217202	51.657135
28.242207	51.527059
28.267213	51.391944
28.292218	51.252206
28.317224	51.107843
28.342229	50.958858
28.367234	50.805248
28.392240	50.647015
28.417245	50.484158
28.442251	50.316678
28.467256	50.144574
28.492261	49.967846
28.517267	49.786495
28.542272	49.582168
28.567278	49.339283
28.592283	49.040695
28.617288	48.719639
28.642294	48.389682
28.667299	48.050822
28.692305	47.703059
28.717310	47.346394
28.742315	46.980827
28.767321	46.606358
28.792326	46.222986
28.817332	45.830712
28.842337	45.429536
28.867343	45.019457
28.892348	44.583694
28.917353	44.095820
28.942359	43.566721
28.967364	43.008616
28.992370	42.445425
29.017375	41.877148
29.042380	41.303787
29.067386	40.725340
29.092391	40.141808
29.117397	39.553190
29.142402	38.959487
29.167407	38.360699
29.192413	37.756826
29.217418	37.147867
29.242424	36.530370
29.267429	35.896015
29.292434	35.260857
29.317440	34.627620
29.342445	33.998011
29.367451	33.372031
29.392456	32.749680
29.417461	32.130957
29.442467	31.515863
29.467472	30.904398
29.492478	30.296561
29.517483	29.692353
29.542489	29.091773
29.567494	28.494822
29.592499	27.906617
29.617505	27.366805
29.642510	26.842512
29.667516	26.360198
29.692521	25.885832
29.717526	25.419413
29.742532	24.960942
29.767537	24.510419
29.792543	24.067843
29.817548	23.633215
29.842553	23.206535
29.867559	22.787803
29.892564	22.377019
29.917570	21.974182
29.942575	21.580291
29.967580	21.241371
29.992586	20.910125
30.017591	20.631094
30.042597	20.357833
30.067602	20.090343
30.092608	19.828624
30.117613	19.572675
30.142618	19.322497
30.167624	19.078090
30.192629	18.839453
30.217635	18.606587
30.242640	18.379492
30.267645	18.158168
30.292651	17.942614
30.317656	17.757701
30.342662	17.578715
30.367667	17.427726
30.392672	17.284853
30.417678	17.144498
30.442683	17.006660
30.467689	16.871338
30.492694	16.738534
30.517699	16.608247
30.542705	16.480476
30.567710	16.355223
30.592716	16.232486
30.617721	16.112267
30.642727	15.994564
30.667732	15.888781
30.692737	15.786167
30.717743	15.690766
30.742748	15.599685
30.767754	15.509242
30.792759	15.419436
30.817764	15.330267
30.842770	15.241734
30.867775	15.153839
30.892781	15.066580
30.917786	14.979959
30.942791	14.893974
30.967797	14.808626
30.992802	14.723915
31.017808	14.643419
31.042813	14.564328
31.067818	14.485936
31.092824	14.408360
31.117829	14.330983
31.142835	14.253805
31.167840	14.176826
31.192845	14.100046
31.217851	14.023465
31.242856	13.947084
31.267862	13.870901
31.292867	13.794918
31.317873	13.719133
31.342878	13.643548
31.367883	13.567204
31.392889	13.490469
31.417894	13.413911
31.442900	13.337779
31.467905	13.261597
31.492910	13.185366
31.517916	13.109084
31.542921	13.032754
31.567927	12.956374
31.592932	12.879944
31.617937	12.803464
31.642943	12.726935
31.667948	12.650356
31.692954	12.573728
31.717959	12.496823
31.742964	12.419735
31.767970	12.342634
31.792975	12.265665
31.817981	12.188646
31.842986	12.111577
31.867992	12.034460
31.892997	11.957293
31.918002	11.880076
31.943008	11.802810
31.968013	11.725495
31.993019	11.648130
32.018024	11.570716
32.043029	11.493252
32.068035	11.416719
32.093040	11.341168
32.118046	11.265666
32.143051	11.190196
32.168056	11.114691
32.193062	11.039145
32.218067	10.963560
32.243073	10.887934
32.268078	10.812269
32.293083	10.736565
32.318089	10.660820
32.343094	10.585035
32.368100	10.509211
32.393105	10.433347
32.418111	10.356788
32.443116	10.279292
32.468121	10.201767
32.493127	10.123628
32.518132	10.045162
32.543138	9.966675
32.568143	9.888167
32.593148	9.809639
32.618154	9.731090
32.643159	9.652521
32.668165	9.573931
32.693170	9.495321
32.718175	9.416690
32.743181	9.338038
32.768186	9.258853
32.793192	9.178688
32.818197	9.098603
32.843202	9.018457
32.868208	8.938428
32.893213	8.858758
32.918219	8.779444
32.943224	8.700488
32.968229	8.621890
32.993235	8.543649
33.018240	8.465766
33.043246	8.388240
33.068251	8.311071
33.093257	8.234260
33.118262	8.158745
33.143267	8.086672
33.168273	8.015344
33.193278	7.946106
33.218284	7.881451
33.243289	7.817879
33.268294	7.755392
33.293300	7.693988
33.318305	7.633668
33.343311	7.574432
33.368316	7.516280
33.393321	7.459211
33.418327	7.403227
33.443332	7.348326
33.468338	7.294825
33.493343	7.244104
33.518348	7.194588
33.543354	7.146523
33.568359	7.102397
33.593365	7.059097
33.618370	7.016623
33.643376	6.974974
33.668381	6.934152
33.693386	6.894155
33.718392	6.854984
33.743397	6.816639
33.768403	6.779119
33.793408	6.742426
33.818413	6.706882
33.843419	6.675778
33.868424	6.644964
33.893430	6.614439
33.918435	6.584999
33.943440	6.555849
33.968446	6.526876
33.993451	6.498083
34.018457	6.469468
34.043462	6.441032
34.068467	6.412774
34.093473	6.384694
34.118478	6.356794
34.143484	6.329071
34.168489	6.301528
34.193495	6.276493
34.218500	6.251581
34.243505	6.226767
34.268511	6.202615
34.293516	6.178769
34.318522	6.154974
34.343527	6.131229
34.368532	6.107534
34.393538	6.083888
34.418543	6.060293
34.443549	6.036748
34.468554	6.013253
34.493559	5.989808
34.518565	5.966413
34.543570	5.943244
34.568576	5.920210
34.593581	5.897295
34.618586	5.875231
34.643592	5.853989
34.668597	5.832828
34.693603	5.811746
34.718608	5.790743
34.743613	5.769820
34.768619	5.748976
34.793624	5.728212
34.818630	5.707527
34.843635	5.686922
34.868641	5.666397
34.893646	5.645465
34.918651	5.624479
34.943657	5.603543
34.968662	5.582337
34.993668	5.560451
35.018673	5.538614
35.043678	5.516827
35.068684	5.495090
35.093689	5.473402
35.118695	5.451763
35.143700	5.430174
35.168705	5.408634
35.193711	5.387143
35.218716	5.365702
35.243722	5.345655
35.268727	5.326145
35.293732	5.306686
35.318738	5.287450
35.343743	5.269632
35.368749	5.251865
35.393754	5.234148
35.418760	5.216481
35.443765	5.198864
35.468770	5.181297
35.493776	5.163780
35.518781	5.146313
35.543787	5.128896
35.568792	5.111529
35.593797	5.093160
35.618803	5.074267
35.643808	5.055423
35.668814	5.036629
35.693819	5.017623
35.718824	4.998645
35.743830	4.979717
35.768835	4.960839
35.793841	4.942011
35.818846	4.923233
35.843851	4.904505
35.868857	4.885827
35.893862	4.867200
35.918868	4.848622
35.943873	4.830293
35.968879	4.812170
35.993884	4.794097
36.018889	4.776075
36.043895	4.757694
36.068900	4.739210
36.093906	4.720775
36.118911	4.702390
36.143916	4.684055
36.168922	4.665769
36.193927	4.647533
36.218933	4.629347
36.243938	4.611210
36.268943	4.593123
36.293949	4.575824
36.318954	4.559389
36.343960	4.543003
36.368965	4.526667
36.393970	4.510720
36.418976	4.495095
36.443981	4.479489
36.468987	4.463902
36.493992	4.448334
36.518997	4.432785
36.544003	4.417255
36.569008	4.401745
36.594014	4.386253
36.619019	4.370781
36.644025	4.355364
36.669030	4.340045
36.694035	4.324776
36.719041	4.309557
36.744046	4.294870
36.769052	4.281140
36.794057	4.267430
36.819062	4.253740
36.844068	4.240069
36.869073	4.226417
36.894079	4.212785
36.919084	4.199173
36.944089	4.185580
36.969095	4.172007
36.994100	4.158263
37.019106	4.144124
37.044111	4.130035
37.069116	4.115996
37.094122	4.101845
37.119127	4.086804
37.144133	4.071792
37.169138	4.056810
37.194144	4.041858
37.219149	4.026936
37.244154	4.012043
37.269160	3.997180
37.294165	3.982346
37.319171	3.967543
37.344176	3.952866
37.369181	3.938559
37.394187	3.924273
37.419192	3.910006
37.444198	3.895760
37.469203	3.881822
37.494208	3.867928
37.519214	3.854064
37.544219	3.840230
37.569225	3.826427
37.594230	3.812653
37.619235	3.798910
37.644241	3.785196
37.669246	3.771513
37.694252	3.758103
37.719257	3.746316
37.744263	3.734559
37.769268	3.722831
37.794273	3.711134
37.819279	3.700188
37.844284	3.689461
37.869290	3.678723
37.894295	3.667975
37.919300	3.657216
37.944306	3.646446
37.969311	3.635666
37.994317	3.624875
38.019322	3.614074
38.044327	3.603212
38.069333	3.591337
38.094338	3.579493
38.119344	3.567679
38.144349	3.555896
38.169354	3.544335
38.194360	3.532966
38.219365	3.521646
38.244371	3.510376
38.269376	3.499155
38.294381	3.487984
38.319387	3.476862
38.344392	3.465791
38.369398	3.454768
38.394403	3.443796
38.419409	3.433569
38.444414	3.423372
38.469419	3.413175
38.494425	3.402977
38.519430	3.392614
38.544436	3.382009
38.569441	3.371453
38.594446	3.360947
38.619452	3.350490
38.644457	3.340083
38.669463	3.329725
38.694468	3.319416
38.719473	3.309157
38.744479	3.298948
38.769484	3.288716
38.794490	3.278496
38.819495	3.268297
38.844500	3.258118
38.869506	3.248093
38.894511	3.238689
38.919517	3.229314
38.944522	3.219968
38.969528	3.210652
38.994533	3.201365
39.019538	3.192108
39.044544	3.182881
39.069549	3.173683
39.094555	3.164514
39.119560	3.154944
39.144565	3.145279
39.169571	3.135635
39.194576	3.126010
39.219582	3.116405
39.244587	3.106292
39.269592	3.096203
39.294598	3.086144
39.319603	3.076115
39.344609	3.066116
39.369614	3.056146
39.394619	3.046206
39.419625	3.036296
39.444630	3.026416
39.469636	3.016737
39.494641	3.007177
39.519646	2.997667
39.544652	2.988208
39.569657	2.978798
39.594663	2.969341
39.619668	2.959889
39.644674	2.950468
39.669679	2.941076
39.694684	2.931713
39.719690	2.922380
39.744695	2.913076
39.769701	2.903802
39.794706	2.894557
39.819711	2.885749
39.844717	2.877238
39.869722	2.868777
39.894728	2.860366
39.919733	2.852004
39.944738	2.843903
39.969744	2.835949
39.994749	2.827996
40.019755	2.820043
40.044760	2.812091
40.069765	2.804139
40.094771	2.796188
40.119776	2.788237
40.144782	2.780286
40.169787	2.772038
40.194793	2.763551
40.219798	2.755094
40.244803	2.746667
40.269809	2.738270
40.294814	2.730065
40.319820	2.722114
40.344825	2.714183
40.369830	2.706272
40.394836	2.698381
40.419841	2.690509
40.444847	2.682658
40.469852	2.674827
40.494857	2.667015
40.519863	2.659243
40.544868	2.651501
40.569874	2.643758
40.594879	2.636015
40.619884	2.628272
40.644890	2.620482
40.669895	2.612553
40.694901	2.604674
40.719906	2.596845
40.744912	2.589067
40.769917	2.581339
40.794922	2.573661
40.819928	2.566033
40.844933	2.558456
40.869939	2.551133
40.894944	2.544203
40.919949	2.537292
40.944955	2.530402
40.969960	2.523531
40.994966	2.516684
41.019971	2.509958
41.044976	2.503242
41.069982	2.496537
41.094987	2.489842
41.119993	2.483157
41.144998	2.476482
41.170003	2.469818
41.195009	2.463163
41.220014	2.456550
41.245020	2.450038
41.270025	2.443545
41.295030	2.437074
41.320036	2.430622
41.345041	2.424192
41.370047	2.417962
41.395052	2.411769
41.420058	2.405577
41.445063	2.399385
41.470068	2.393192
41.495074	2.387000
41.520079	2.380808
41.545085	2.374615
41.570090	2.368274
41.595095	2.361312
41.620101	2.354380
41.645106	2.347478
41.670112	2.340606
41.695117	2.333764
41.720122	2.320807
41.745128	2.302008
41.770133	2.280293
41.795139	2.255663
41.820144	2.228119
41.845149	2.197659
41.870155	2.164284
41.895160	2.127995
41.920166	0.000000
41.945171	0.000000
41.970177	0.000000
41.995182	0.000000
42.020187	0.000000
42.045193	0.000000
42.070198	0.000000
42.095204	0.000000
42.120209	0.000000
