Patient Name: EQUIPO 4 2025, QA
Patient ID: Eq4-2025
Plan: PerfDiag
Course: C-Fisica
Date: Friday, August 07, 2026 2:43:28 PM
Exported by: paberbuj

Start: (-29.79, -25.09, -29.57)
End:   (30.02, -25.09, 29.79)

	Campo 1
-42.148017	1.075260
-42.123012	1.087268
-42.098007	1.098076
-42.073001	1.107684
-42.047996	1.115573
-42.022990	1.120503
-41.997985	1.125432
-41.972980	1.130359
-41.947974	1.135287
-41.922969	1.140213
-41.897963	1.145024
-41.872958	1.149764
-41.847953	1.154547
-41.822947	1.159374
-41.797942	1.164244
-41.772936	1.169157
-41.747931	1.174114
-41.722926	1.179113
-41.697920	1.184156
-41.672915	1.189404
-41.647909	1.194667
-41.622904	1.199944
-41.597898	1.205232
-41.572893	1.210534
-41.547888	1.215928
-41.522882	1.221457
-41.497877	1.227030
-41.472871	1.232646
-41.447866	1.238305
-41.422861	1.244007
-41.397855	1.249753
-41.372850	1.255542
-41.347844	1.261374
-41.322839	1.267239
-41.297834	1.273149
-41.272828	1.279108
-41.247823	1.285116
-41.222817	1.291174
-41.197812	1.297483
-41.172807	1.304172
-41.147801	1.310862
-41.122796	1.317551
-41.097790	1.324240
-41.072785	1.330929
-41.047780	1.337619
-41.022774	1.344308
-40.997769	1.350997
-40.972763	1.358035
-40.947758	1.365351
-40.922752	1.372716
-40.897747	1.380132
-40.872742	1.387597
-40.847736	1.395124
-40.822731	1.402672
-40.797725	1.410176
-40.772720	1.417637
-40.747715	1.425054
-40.722709	1.432428
-40.697704	1.439759
-40.672698	1.447046
-40.647693	1.454290
-40.622688	1.461468
-40.597682	1.468661
-40.572677	1.475941
-40.547671	1.483307
-40.522666	1.490760
-40.497661	1.498285
-40.472655	1.505815
-40.447650	1.513401
-40.422644	1.521042
-40.397639	1.528739
-40.372633	1.536493
-40.347628	1.544301
-40.322623	1.552166
-40.297617	1.560087
-40.272612	1.568019
-40.247606	1.575807
-40.222601	1.583596
-40.197596	1.591387
-40.172590	1.599177
-40.147585	1.607012
-40.122579	1.615266
-40.097574	1.623568
-40.072569	1.631919
-40.047563	1.640319
-40.022558	1.648769
-39.997552	1.657267
-39.972547	1.665814
-39.947542	1.674411
-39.922536	1.683057
-39.897531	1.691800
-39.872525	1.700595
-39.847520	1.709440
-39.822514	1.718337
-39.797509	1.727284
-39.772504	1.736263
-39.747498	1.745284
-39.722493	1.754348
-39.697487	1.763454
-39.672482	1.772603
-39.647477	1.781795
-39.622471	1.791029
-39.597466	1.800305
-39.572460	1.809624
-39.547455	1.818972
-39.522450	1.828367
-39.497444	1.837812
-39.472439	1.847306
-39.447433	1.856850
-39.422428	1.866190
-39.397423	1.875555
-39.372417	1.884962
-39.347412	1.894413
-39.322406	1.903908
-39.297401	1.913446
-39.272396	1.923027
-39.247390	1.932652
-39.222385	1.942321
-39.197379	1.951861
-39.172374	1.961350
-39.147368	1.970889
-39.122363	1.980478
-39.097358	1.990117
-39.072352	2.000379
-39.047347	2.010793
-39.022341	2.021249
-38.997336	2.031748
-38.972331	2.042289
-38.947325	2.052872
-38.922320	2.063498
-38.897314	2.074167
-38.872309	2.084878
-38.847304	2.095641
-38.822298	2.106470
-38.797293	2.117355
-38.772287	2.128296
-38.747282	2.139294
-38.722277	2.150164
-38.697271	2.161020
-38.672266	2.171919
-38.647260	2.182861
-38.622255	2.193847
-38.597249	2.204876
-38.572244	2.215949
-38.547239	2.227065
-38.522233	2.238224
-38.497228	2.249414
-38.472222	2.260609
-38.447217	2.271847
-38.422212	2.283127
-38.397206	2.294450
-38.372201	2.306411
-38.347195	2.318682
-38.322190	2.330967
-38.297185	2.343265
-38.272179	2.355576
-38.247174	2.367900
-38.222168	2.380238
-38.197163	2.392588
-38.172158	2.404952
-38.147152	2.417336
-38.122147	2.429898
-38.097141	2.442553
-38.072136	2.455300
-38.047130	2.468140
-38.022125	2.481177
-37.997120	2.494343
-37.972114	2.507551
-37.947109	2.520801
-37.922103	2.534094
-37.897098	2.547430
-37.872093	2.560808
-37.847087	2.574228
-37.822082	2.587691
-37.797076	2.601197
-37.772071	2.614552
-37.747066	2.627879
-37.722060	2.641207
-37.697055	2.654534
-37.672049	2.667428
-37.647044	2.679928
-37.622039	2.692484
-37.597033	2.705095
-37.572028	2.717762
-37.547022	2.730484
-37.522017	2.743262
-37.497012	2.756095
-37.472006	2.768984
-37.447001	2.781929
-37.421995	2.795120
-37.396990	2.808453
-37.371984	2.821829
-37.346979	2.835248
-37.321974	2.849100
-37.296968	2.863526
-37.271963	2.877965
-37.246957	2.892418
-37.221952	2.906883
-37.196947	2.921362
-37.171941	2.935854
-37.146936	2.950359
-37.121930	2.964878
-37.096925	2.979409
-37.071920	2.993850
-37.046914	3.008236
-37.021909	3.022701
-36.996903	3.037246
-36.971898	3.051919
-36.946893	3.066752
-36.921887	3.081634
-36.896882	3.096567
-36.871876	3.111550
-36.846871	3.126583
-36.821865	3.141665
-36.796860	3.156798
-36.771855	3.171981
-36.746849	3.187214
-36.721844	3.202350
-36.696838	3.217132
-36.671833	3.231921
-36.646828	3.246716
-36.621822	3.261233
-36.596817	3.274913
-36.571811	3.288685
-36.546806	3.302549
-36.521801	3.316506
-36.496795	3.330555
-36.471790	3.344697
-36.446784	3.358931
-36.421779	3.373257
-36.396774	3.387676
-36.371768	3.402172
-36.346763	3.416550
-36.321757	3.430929
-36.296752	3.445308
-36.271746	3.459772
-36.246741	3.474730
-36.221736	3.489739
-36.196730	3.504798
-36.171725	3.519907
-36.146719	3.535066
-36.121714	3.550275
-36.096709	3.565535
-36.071703	3.580845
-36.046698	3.596204
-36.021692	3.611614
-35.996687	3.627333
-35.971682	3.643173
-35.946676	3.659105
-35.921671	3.675086
-35.896665	3.690524
-35.871660	3.705962
-35.846655	3.721400
-35.821649	3.736838
-35.796644	3.752276
-35.771638	3.767715
-35.746633	3.783153
-35.721628	3.798591
-35.696622	3.814029
-35.671617	3.829467
-35.646611	3.844832
-35.621606	3.860250
-35.596600	3.875769
-35.571595	3.891387
-35.546590	3.907802
-35.521584	3.924273
-35.496579	3.940785
-35.471573	3.957341
-35.446568	3.973939
-35.421563	3.990580
-35.396557	4.007263
-35.371552	4.023989
-35.346546	4.040758
-35.321541	4.057569
-35.296536	4.074280
-35.271530	4.090865
-35.246525	4.107449
-35.221519	4.124033
-35.196514	4.141115
-35.171509	4.158355
-35.146503	4.175701
-35.121498	4.193153
-35.096492	4.210712
-35.071487	4.228378
-35.046481	4.246150
-35.021476	4.264029
-34.996471	4.282015
-34.971465	4.300107
-34.946460	4.318346
-34.921454	4.336705
-34.896449	4.355056
-34.871444	4.373400
-34.846438	4.390979
-34.821433	4.408473
-34.796427	4.426067
-34.771422	4.443761
-34.746417	4.461555
-34.721411	4.479449
-34.696406	4.497443
-34.671400	4.515537
-34.646395	4.533731
-34.621390	4.552025
-34.596384	4.570402
-34.571379	4.588698
-34.546373	4.606995
-34.521368	4.625291
-34.496362	4.643725
-34.471357	4.662248
-34.446352	4.680814
-34.421346	4.699424
-34.396341	4.718077
-34.371335	4.736773
-34.346330	4.755513
-34.321325	4.774296
-34.296319	4.793123
-34.271314	4.811992
-34.246308	4.830906
-34.221303	4.849933
-34.196298	4.868980
-34.171292	4.888038
-34.146287	4.907123
-34.121281	4.926258
-34.096276	4.945443
-34.071271	4.964678
-34.046265	4.983963
-34.021260	5.003298
-33.996254	5.022683
-33.971249	5.042118
-33.946244	5.061603
-33.921238	5.081138
-33.896233	5.100724
-33.871227	5.120368
-33.846222	5.140029
-33.821216	5.159697
-33.796211	5.179084
-33.771206	5.198286
-33.746200	5.217544
-33.721195	5.236857
-33.696189	5.256226
-33.671184	5.275651
-33.646179	5.295132
-33.621173	5.314668
-33.596168	5.334259
-33.571162	5.353907
-33.546157	5.373610
-33.521152	5.393454
-33.496146	5.413488
-33.471141	5.433657
-33.446135	5.454450
-33.421130	5.475839
-33.396125	5.497234
-33.371119	5.518635
-33.346114	5.540043
-33.321108	5.561458
-33.296103	5.582880
-33.271097	5.604308
-33.246092	5.625743
-33.221087	5.647184
-33.196081	5.668632
-33.171076	5.690048
-33.146070	5.711455
-33.121065	5.732955
-33.096060	5.754068
-33.071054	5.774445
-33.046049	5.794828
-33.021043	5.815218
-32.996038	5.835614
-32.971033	5.856017
-32.946027	5.876427
-32.921022	5.896843
-32.896016	5.917266
-32.871011	5.937696
-32.846006	5.958132
-32.821000	5.978643
-32.795995	5.999596
-32.770989	6.020686
-32.745984	6.041876
-32.720978	6.063075
-32.695973	6.084337
-32.670968	6.105662
-32.645962	6.127051
-32.620957	6.148503
-32.595951	6.170018
-32.570946	6.191597
-32.545941	6.213239
-32.520935	6.234944
-32.495930	6.256713
-32.470924	6.278545
-32.445919	6.300453
-32.420914	6.322410
-32.395908	6.344720
-32.370903	6.368242
-32.345897	6.391864
-32.320892	6.415586
-32.295887	6.439407
-32.270881	6.463329
-32.245876	6.487350
-32.220870	6.511472
-32.195865	6.535693
-32.170860	6.560015
-32.145854	6.584436
-32.120849	6.608957
-32.095843	6.633579
-32.070838	6.658251
-32.045832	6.682919
-32.020827	6.707338
-31.995822	6.731857
-31.970816	6.756476
-31.945811	6.781195
-31.920805	6.806014
-31.895800	6.830933
-31.870795	6.855951
-31.845789	6.881070
-31.820784	6.906288
-31.795778	6.931607
-31.770773	6.957025
-31.745768	6.982747
-31.720762	7.008718
-31.695757	7.034747
-31.670751	7.059870
-31.645746	7.085050
-31.620741	7.110286
-31.595735	7.135579
-31.570730	7.160928
-31.545724	7.186334
-31.520719	7.211797
-31.495713	7.237316
-31.470708	7.262891
-31.445703	7.288523
-31.420697	7.314212
-31.395692	7.339840
-31.370686	7.365336
-31.345681	7.390889
-31.320676	7.417986
-31.295670	7.445351
-31.270665	7.472914
-31.245659	7.500677
-31.220654	7.528639
-31.195649	7.556801
-31.170643	7.585161
-31.145638	7.613720
-31.120632	7.642478
-31.095627	7.671436
-31.070622	7.700592
-31.045616	7.730009
-31.020611	7.759846
-30.995605	7.789819
-30.970600	7.818155
-30.945594	7.846376
-30.920589	7.874755
-30.895584	7.903290
-30.870578	7.931982
-30.845573	7.960830
-30.820567	7.989836
-30.795562	8.018998
-30.770557	8.048316
-30.745551	8.077792
-30.720546	8.107424
-30.695540	8.137213
-30.670535	8.167156
-30.645530	8.197248
-30.620524	8.229065
-30.595519	8.261437
-30.570513	8.293923
-30.545508	8.326522
-30.520503	8.359234
-30.495497	8.392060
-30.470492	8.424999
-30.445486	8.458052
-30.420481	8.491218
-30.395476	8.524497
-30.370470	8.557890
-30.345465	8.591396
-30.320459	8.626022
-30.295454	8.661215
-30.270448	8.697825
-30.245443	8.735358
-30.220438	8.773365
-30.195432	8.811847
-30.170427	8.850804
-30.145421	8.890235
-30.120416	8.930141
-30.095411	8.970521
-30.070405	9.011377
-30.045400	9.052706
-30.020394	9.094511
-29.995389	9.136790
-29.970384	9.181042
-29.945378	9.226933
-29.920373	9.280118
-29.895367	9.340280
-29.870362	9.403742
-29.845357	9.470503
-29.820351	9.540564
-29.795346	9.613925
-29.770340	9.690584
-29.745335	9.770544
-29.720329	9.853803
-29.695324	9.940361
-29.670319	10.030219
-29.645313	10.123376
-29.620308	10.225424
-29.595302	10.339578
-29.570297	10.465751
-29.545292	10.602772
-29.520286	10.744003
-29.495281	10.889445
-29.470275	11.039098
-29.445270	11.192961
-29.420265	11.351035
-29.395259	11.513319
-29.370254	11.679814
-29.345248	11.850519
-29.320243	12.025435
-29.295238	12.204562
-29.270232	12.390537
-29.245227	12.588990
-29.220221	12.792204
-29.195216	12.998851
-29.170210	13.206135
-29.145205	13.414055
-29.120200	13.622612
-29.095194	13.831805
-29.070189	14.041635
-29.045183	14.252102
-29.020178	14.463205
-28.995173	14.674945
-28.970167	14.887322
-28.945162	15.100335
-28.920156	15.313801
-28.895151	15.522518
-28.870146	15.728886
-28.845140	15.930647
-28.820135	16.132073
-28.795129	16.333165
-28.770124	16.533923
-28.745119	16.734347
-28.720113	16.934438
-28.695108	17.134194
-28.670102	17.333616
-28.645097	17.532705
-28.620092	17.731459
-28.595086	17.929880
-28.570081	18.127966
-28.545075	18.321091
-28.520070	18.511752
-28.495064	18.698549
-28.470059	18.885594
-28.445054	19.072887
-28.420048	19.260428
-28.395043	19.448218
-28.370037	19.636255
-28.345032	19.824541
-28.320027	20.013074
-28.295021	20.201856
-28.270016	20.390886
-28.245010	20.580164
-28.220005	20.769690
-28.195000	20.956780
-28.169994	21.141448
-28.144989	21.321543
-28.119983	21.501531
-28.094978	21.681414
-28.069973	21.861191
-28.044967	22.040862
-28.019962	22.220428
-27.994956	22.399887
-27.969951	22.579241
-27.944945	22.758489
-27.919940	22.937631
-27.894935	23.116667
-27.869929	23.295597
-27.844924	23.473327
-27.819918	23.649715
-27.794913	23.824613
-27.769908	24.000234
-27.744902	24.176578
-27.719897	24.353647
-27.694891	24.531439
-27.669886	24.709955
-27.644881	24.889194
-27.619875	25.069157
-27.594870	25.249843
-27.569864	25.431254
-27.544859	25.613388
-27.519854	25.796245
-27.494848	25.980802
-27.469843	26.169142
-27.444837	26.365072
-27.419832	26.563814
-27.394826	26.765368
-27.369821	26.969733
-27.344816	27.176911
-27.319810	27.386900
-27.294805	27.599702
-27.269799	27.815315
-27.244794	28.033740
-27.219789	28.254978
-27.194783	28.479027
-27.169778	28.705888
-27.144772	28.937905
-27.119767	29.205270
-27.094762	29.516547
-27.069756	29.841935
-27.044751	30.178495
-27.019745	30.526227
-26.994740	30.885131
-26.969735	31.255205
-26.944729	31.636452
-26.919724	32.028870
-26.894718	32.432459
-26.869713	32.847221
-26.844708	33.273153
-26.819702	33.710257
-26.794697	34.158533
-26.769691	34.725271
-26.744686	35.433519
-26.719680	36.188763
-26.694675	36.970694
-26.669670	37.779312
-26.644664	38.614616
-26.619659	39.476608
-26.594653	40.365287
-26.569648	41.280653
-26.544643	42.222705
-26.519637	43.191445
-26.494632	44.186872
-26.469626	45.208985
-26.444621	46.257786
-26.419616	47.480440
-26.394610	48.963592
-26.369605	50.529362
-26.344599	52.124269
-26.319594	53.748311
-26.294589	55.401490
-26.269583	57.083805
-26.244578	58.795256
-26.219572	60.535843
-26.194567	62.305566
-26.169561	64.104426
-26.144556	65.932421
-26.119551	67.789553
-26.094545	69.675821
-26.069540	71.633516
-26.044534	73.707017
-26.019529	75.806389
-25.994524	77.901727
-25.969518	79.993032
-25.944513	82.080303
-25.919507	84.163540
-25.894502	86.242743
-25.869497	88.317913
-25.844491	90.389049
-25.819486	92.456151
-25.794480	94.519219
-25.769475	96.578253
-25.744470	98.633254
-25.719464	100.632214
-25.694459	102.387447
-25.669453	104.034975
-25.644448	105.648407
-25.619442	107.227743
-25.594437	108.772983
-25.569432	110.284128
-25.544426	111.761176
-25.519421	113.204129
-25.494415	114.612985
-25.469410	115.987746
-25.444405	117.328411
-25.419399	118.634981
-25.394394	119.907454
-25.369388	121.120129
-25.344383	121.958843
-25.319378	122.646539
-25.294372	123.310483
-25.269367	123.950676
-25.244361	124.567118
-25.219356	125.159808
-25.194351	125.728747
-25.169345	126.273935
-25.144340	126.795371
-25.119334	127.293057
-25.094329	127.766990
-25.069324	128.217173
-25.044318	128.643604
-25.019313	129.046284
-24.994307	129.322241
-24.969302	129.535394
-24.944296	129.744096
-24.919291	129.948349
-24.894286	130.148152
-24.869280	130.343505
-24.844275	130.534407
-24.819269	130.720860
-24.794264	130.902863
-24.769259	131.080415
-24.744253	131.253518
-24.719248	131.422170
-24.694242	131.586373
-24.669237	131.746126
-24.644232	131.883589
-24.619226	132.002648
-24.594221	132.120019
-24.569215	132.235703
-24.544210	132.349699
-24.519205	132.462008
-24.494199	132.572629
-24.469194	132.681562
-24.444188	132.788808
-24.419183	132.894367
-24.394177	132.998237
-24.369172	133.100421
-24.344167	133.200916
-24.319161	133.299724
-24.294156	133.389924
-24.269150	133.467912
-24.244145	133.545156
-24.219140	133.621655
-24.194134	133.697411
-24.169129	133.772422
-24.144123	133.846689
-24.119118	133.920212
-24.094113	133.992991
-24.069107	134.065025
-24.044102	134.136316
-24.019096	134.206862
-23.994091	134.276664
-23.969086	134.345721
-23.944080	134.412384
-23.919075	134.473177
-23.894069	134.533903
-23.869064	134.594563
-23.844058	134.655156
-23.819053	134.715683
-23.794048	134.776144
-23.769042	134.836538
-23.744037	134.896867
-23.719031	134.957128
-23.694026	135.017324
-23.669021	135.077453
-23.644015	135.137516
-23.619010	135.197513
-23.594004	135.257107
-23.568999	135.313779
-23.543994	135.370265
-23.518988	135.426564
-23.493983	135.482678
-23.468977	135.538606
-23.443972	135.594349
-23.418967	135.649905
-23.393961	135.705275
-23.368956	135.760460
-23.343950	135.815458
-23.318945	135.870271
-23.293940	135.924897
-23.268934	135.979338
-23.243929	136.033593
-23.218923	136.082739
-23.193918	136.131426
-23.168912	136.179835
-23.143907	136.227965
-23.118902	136.275817
-23.093896	136.323391
-23.068891	136.370686
-23.043885	136.417703
-23.018880	136.464442
-22.993875	136.510903
-22.968869	136.557085
-22.943864	136.602989
-22.918858	136.648615
-22.893853	136.693962
-22.868848	136.734851
-22.843842	136.774614
-22.818837	136.814116
-22.793831	136.853357
-22.768826	136.892336
-22.743821	136.931054
-22.718815	136.969510
-22.693810	137.007705
-22.668804	137.045638
-22.643799	137.083310
-22.618793	137.120721
-22.593788	137.157870
-22.568783	137.194757
-22.543777	137.231384
-22.518772	137.265468
-22.493766	137.298346
-22.468761	137.331156
-22.443756	137.363897
-22.418750	137.396568
-22.393745	137.429171
-22.368739	137.461705
-22.343734	137.494169
-22.318729	137.526565
-22.293723	137.558892
-22.268718	137.591150
-22.243712	137.623338
-22.218707	137.655458
-22.193702	137.687509
-22.168696	137.717549
-22.143691	137.745765
-22.118685	137.773859
-22.093680	137.801830
-22.068674	137.829679
-22.043669	137.857406
-22.018664	137.885009
-21.993658	137.912490
-21.968653	137.939849
-21.943647	137.967085
-21.918642	137.994199
-21.893637	138.021189
-21.868631	138.048058
-21.843626	138.074804
-21.818620	138.099751
-21.793615	138.122488
-21.768610	138.145145
-21.743604	138.167723
-21.718599	138.190221
-21.693593	138.212641
-21.668588	138.234981
-21.643583	138.257242
-21.618577	138.279424
-21.593572	138.301527
-21.568566	138.323550
-21.543561	138.345495
-21.518556	138.367360
-21.493550	138.389146
-21.468545	138.410619
-21.443539	138.431568
-21.418534	138.452577
-21.393528	138.473653
-21.368523	138.494794
-21.343518	138.516001
-21.318512	138.537275
-21.293507	138.558614
-21.268501	138.580019
-21.243496	138.601491
-21.218491	138.623028
-21.193485	138.644632
-21.168480	138.666301
-21.143474	138.688037
-21.118469	138.709592
-21.093464	138.730683
-21.068458	138.751606
-21.043453	138.772394
-21.018447	138.793047
-20.993442	138.813565
-20.968437	138.833948
-20.943431	138.854197
-20.918426	138.874310
-20.893420	138.894289
-20.868415	138.914133
-20.843409	138.933842
-20.818404	138.953416
-20.793399	138.972855
-20.768393	138.991429
-20.743388	139.007468
-20.718382	139.022535
-20.693377	139.037423
-20.668372	139.052131
-20.643366	139.066660
-20.618361	139.081010
-20.593355	139.095181
-20.568350	139.109173
-20.543345	139.122985
-20.518339	139.136618
-20.493334	139.150072
-20.468328	139.163346
-20.443323	139.176441
-20.418318	139.188876
-20.393312	139.199107
-20.368307	139.207944
-20.343301	139.216731
-20.318296	139.225470
-20.293290	139.234159
-20.268285	139.242799
-20.243280	139.251390
-20.218274	139.259931
-20.193269	139.268424
-20.168263	139.276867
-20.143258	139.285261
-20.118253	139.293606
-20.093247	139.301902
-20.068242	139.310210
-20.043236	139.318963
-20.018231	139.328262
-19.993226	139.337511
-19.968220	139.346710
-19.943215	139.355859
-19.918209	139.364957
-19.893204	139.374006
-19.868199	139.383005
-19.843193	139.391953
-19.818188	139.400852
-19.793182	139.409701
-19.768177	139.418499
-19.743172	139.427248
-19.718166	139.435864
-19.693161	139.443853
-19.668155	139.451497
-19.643150	139.459097
-19.618144	139.466654
-19.593139	139.474168
-19.568134	139.481638
-19.543128	139.489065
-19.518123	139.496448
-19.493117	139.503789
-19.468112	139.511085
-19.443107	139.518339
-19.418101	139.525549
-19.393096	139.532716
-19.368090	139.539876
-19.343085	139.547993
-19.318080	139.557764
-19.293074	139.567905
-19.268069	139.578066
-19.243063	139.588247
-19.218058	139.598447
-19.193053	139.608667
-19.168047	139.618908
-19.143042	139.629168
-19.118036	139.639448
-19.093031	139.649747
-19.068025	139.660067
-19.043020	139.670406
-19.018015	139.680766
-18.993009	139.693496
-18.968004	139.708503
-18.942998	139.724747
-18.917993	139.740958
-18.892988	139.757136
-18.867982	139.773280
-18.842977	139.789392
-18.817971	139.805470
-18.792966	139.821515
-18.767961	139.837527
-18.742955	139.853506
-18.717950	139.869452
-18.692944	139.885364
-18.667939	139.901243
-18.642934	139.919125
-18.617928	139.937513
-18.592923	139.955965
-18.567917	139.974160
-18.542912	139.992101
-18.517907	140.009785
-18.492901	140.027214
-18.467896	140.044387
-18.442890	140.061304
-18.417885	140.077966
-18.392879	140.094371
-18.367874	140.110521
-18.342869	140.126415
-18.317863	140.142054
-18.292858	140.157373
-18.267852	140.172552
-18.242847	140.187614
-18.217842	140.202340
-18.192836	140.216731
-18.167831	140.230785
-18.142825	140.244504
-18.117820	140.257887
-18.092815	140.270934
-18.067809	140.283646
-18.042804	140.296021
-18.017798	140.308061
-17.992793	140.319765
-17.967788	140.331133
-17.942782	140.341731
-17.917777	140.351825
-17.892771	140.361245
-17.867766	140.370299
-17.842760	140.378989
-17.817755	140.387313
-17.792750	140.395272
-17.767744	140.402866
-17.742739	140.410095
-17.717733	140.416959
-17.692728	140.423458
-17.667723	140.429591
-17.642717	140.435360
-17.617712	140.440763
-17.592706	140.445254
-17.567701	140.449062
-17.542696	140.451456
-17.517690	140.453354
-17.492685	140.454930
-17.467679	140.456186
-17.442674	140.457121
-17.417669	140.457735
-17.392663	140.458029
-17.367658	140.458002
-17.342652	140.457654
-17.317647	140.456985
-17.292641	140.455995
-17.267636	140.454685
-17.242631	140.453181
-17.217625	140.451621
-17.192620	140.449997
-17.167614	140.448325
-17.142609	140.446583
-17.117604	140.444773
-17.092598	140.442894
-17.067593	140.440946
-17.042587	140.438928
-17.017582	140.436842
-16.992577	140.434687
-16.967571	140.432463
-16.942566	140.430169
-16.917560	140.427807
-16.892555	140.425542
-16.867550	140.423500
-16.842544	140.421356
-16.817539	140.419039
-16.792533	140.416680
-16.767528	140.414278
-16.742523	140.411834
-16.717517	140.409347
-16.692512	140.406818
-16.667506	140.404246
-16.642501	140.401632
-16.617495	140.398975
-16.592490	140.396276
-16.567485	140.393534
-16.542479	140.390829
-16.517474	140.388330
-16.492468	140.385826
-16.467463	140.383094
-16.442458	140.380387
-16.417452	140.377706
-16.392447	140.375050
-16.367441	140.372421
-16.342436	140.369816
-16.317431	140.367238
-16.292425	140.364685
-16.267420	140.362158
-16.242414	140.359656
-16.217409	140.357180
-16.192404	140.354545
-16.167398	140.351511
-16.142393	140.348614
-16.117387	140.345510
-16.092382	140.342483
-16.067376	140.339533
-16.042371	140.336658
-16.017366	140.333861
-15.992360	140.331140
-15.967355	140.328495
-15.942349	140.325927
-15.917344	140.323436
-15.892339	140.321021
-15.867333	140.318682
-15.842328	140.316342
-15.817322	140.313789
-15.792317	140.311442
-15.767312	140.308846
-15.742306	140.306465
-15.717301	140.304357
-15.692295	140.302519
-15.667290	140.300954
-15.642285	140.299660
-15.617279	140.298638
-15.592274	140.297887
-15.567268	140.297408
-15.542263	140.297201
-15.517257	140.297265
-15.492252	140.297613
-15.467247	140.298366
-15.442241	140.299427
-15.417236	140.300828
-15.392230	140.302483
-15.367225	140.304368
-15.342220	140.306481
-15.317214	140.308823
-15.292209	140.311395
-15.267203	140.314195
-15.242198	140.317225
-15.217193	140.320484
-15.192187	140.323972
-15.167182	140.327689
-15.142176	140.331633
-15.117171	140.335402
-15.092166	140.339405
-15.067160	140.343279
-15.042155	140.346924
-15.017149	140.350655
-14.992144	140.354471
-14.967139	140.358374
-14.942133	140.362362
-14.917128	140.366437
-14.892122	140.370597
-14.867117	140.374843
-14.842111	140.379175
-14.817106	140.383592
-14.792101	140.388096
-14.767095	140.389549
-14.742090	140.390686
-14.717084	140.390573
-14.692079	140.387835
-14.667074	140.385060
-14.642068	140.382247
-14.617063	140.379397
-14.592057	140.376509
-14.567052	140.373583
-14.542047	140.370620
-14.517041	140.367619
-14.492036	140.364581
-14.467030	140.361505
-14.442025	140.358391
-14.417020	140.352229
-14.392014	140.345444
-14.367009	140.338252
-14.342003	140.328374
-14.316998	140.318559
-14.291992	140.308806
-14.266987	140.299115
-14.241982	140.289486
-14.216976	140.279920
-14.191971	140.270416
-14.166965	140.260975
-14.141960	140.251596
-14.116955	140.242279
-14.091949	140.233025
-14.066944	140.223099
-14.041938	140.213083
-14.016933	140.203235
-13.991928	140.193121
-13.966922	140.183167
-13.941917	140.173406
-13.916911	140.163837
-13.891906	140.154460
-13.866901	140.145276
-13.841895	140.136284
-13.816890	140.127484
-13.791884	140.118877
-13.766879	140.110463
-13.741873	140.102241
-13.716868	140.094288
-13.691863	140.086638
-13.666857	140.079266
-13.641852	140.072066
-13.616846	140.065107
-13.591841	140.058427
-13.566836	140.052027
-13.541830	140.045906
-13.516825	140.040064
-13.491819	140.034501
-13.466814	140.029218
-13.441809	140.024214
-13.416803	140.019489
-13.391798	140.015043
-13.366792	140.010793
-13.341787	140.006759
-13.316782	140.003004
-13.291776	139.999438
-13.266771	139.996048
-13.241765	139.992900
-13.216760	139.989995
-13.191755	139.987332
-13.166749	139.984911
-13.141744	139.982733
-13.116738	139.980798
-13.091733	139.979104
-13.066727	139.977654
-13.041722	139.976445
-13.016717	139.975286
-12.991711	139.974164
-12.966706	139.973278
-12.941700	139.972447
-12.916695	139.971488
-12.891690	139.970722
-12.866684	139.970149
-12.841679	139.969767
-12.816673	139.969579
-12.791668	139.969582
-12.766663	139.969778
-12.741657	139.970167
-12.716652	139.970748
-12.691646	139.971521
-12.666641	139.971781
-12.641636	139.971161
-12.616630	139.970683
-12.591625	139.969886
-12.566619	139.966755
-12.541614	139.963688
-12.516608	139.960683
-12.491603	139.957742
-12.466598	139.954864
-12.441592	139.952049
-12.416587	139.949298
-12.391581	139.946609
-12.366576	139.943984
-12.341571	139.941422
-12.316565	139.937770
-12.291560	139.931729
-12.266554	139.925756
-12.241549	139.919853
-12.216544	139.911329
-12.191538	139.902867
-12.166533	139.894560
-12.141527	139.886409
-12.116522	139.878414
-12.091517	139.870574
-12.066511	139.862890
-12.041506	139.855361
-12.016500	139.847988
-11.991495	139.840771
-11.966489	139.833355
-11.941484	139.824911
-11.916479	139.816588
-11.891473	139.808384
-11.866468	139.799601
-11.841462	139.790841
-11.816457	139.782322
-11.791452	139.774044
-11.766446	139.766008
-11.741441	139.758214
-11.716435	139.750661
-11.691430	139.743349
-11.666425	139.736279
-11.641419	139.729450
-11.616414	139.722847
-11.591408	139.716413
-11.566403	139.710257
-11.541398	139.704380
-11.516392	139.698931
-11.491387	139.693869
-11.466381	139.689085
-11.441376	139.684579
-11.416371	139.680351
-11.391365	139.676402
-11.366360	139.672731
-11.341354	139.669339
-11.316349	139.666224
-11.291343	139.663388
-11.266338	139.660815
-11.241333	139.658250
-11.216327	139.655877
-11.191322	139.653697
-11.166316	139.651630
-11.141311	139.649695
-11.116306	139.648045
-11.091300	139.646680
-11.066295	139.645599
-11.041289	139.644804
-11.016284	139.644293
-10.991279	139.644067
-10.966273	139.644125
-10.941268	139.644469
-10.916262	139.645097
-10.891257	139.646054
-10.866252	139.647200
-10.841246	139.648531
-10.816241	139.650032
-10.791235	139.651660
-10.766230	139.653479
-10.741224	139.655491
-10.716219	139.657695
-10.691214	139.660092
-10.666208	139.662681
-10.641203	139.665463
-10.616197	139.668437
-10.591192	139.671604
-10.566187	139.674962
-10.541181	139.677381
-10.516176	139.679763
-10.491170	139.682245
-10.466165	139.684820
-10.441160	139.684830
-10.416154	139.684833
-10.391149	139.684829
-10.366143	139.684819
-10.341138	139.684803
-10.316133	139.684779
-10.291127	139.684750
-10.266122	139.684714
-10.241116	139.684671
-10.216111	139.684622
-10.191105	139.681577
-10.166100	139.677761
-10.141095	139.673895
-10.116089	139.669980
-10.091084	139.663085
-10.066078	139.655499
-10.041073	139.647918
-10.016068	139.640343
-9.991062	139.632774
-9.966057	139.625211
-9.941051	139.617654
-9.916046	139.610102
-9.891041	139.602556
-9.866035	139.595016
-9.841030	139.585744
-9.816024	139.575890
-9.791019	139.566149
-9.766014	139.556522
-9.741008	139.546137
-9.716003	139.535358
-9.690997	139.524736
-9.665992	139.514270
-9.640987	139.503961
-9.615981	139.493809
-9.590976	139.483813
-9.565970	139.473974
-9.540965	139.464292
-9.515959	139.454766
-9.490954	139.445005
-9.465949	139.435172
-9.440943	139.425494
-9.415938	139.415971
-9.390932	139.406502
-9.365927	139.397087
-9.340922	139.387879
-9.315916	139.378877
-9.290911	139.370082
-9.265905	139.361493
-9.240900	139.353111
-9.215895	139.344936
-9.190889	139.336967
-9.165884	139.329205
-9.140878	139.321562
-9.115873	139.314079
-9.090868	139.306839
-9.065862	139.299839
-9.040857	139.292993
-9.015851	139.286082
-8.990846	139.279401
-8.965840	139.272949
-8.940835	139.266726
-8.915830	139.260732
-8.890824	139.254967
-8.865819	139.249432
-8.840813	139.244125
-8.815808	139.239048
-8.790803	139.234170
-8.765797	139.229491
-8.740792	139.225047
-8.715786	139.220840
-8.690781	139.216853
-8.665776	139.212633
-8.640770	139.208506
-8.615765	139.204472
-8.590759	139.200531
-8.565754	139.196683
-8.540749	139.192929
-8.515743	139.189268
-8.490738	139.185700
-8.465732	139.182226
-8.440727	139.178341
-8.415721	139.173672
-8.390716	139.169041
-8.365711	139.164446
-8.340705	139.159887
-8.315700	139.155002
-8.290694	139.149953
-8.265689	139.144798
-8.240684	139.139536
-8.215678	139.134167
-8.190673	139.128692
-8.165667	139.123110
-8.140662	139.117421
-8.115657	139.111626
-8.090651	139.105663
-8.065646	139.099417
-8.040640	139.093022
-8.015635	139.086479
-7.990630	139.079786
-7.965624	139.073163
-7.940619	139.066502
-7.915613	139.059685
-7.890608	139.052713
-7.865603	139.045585
-7.840597	139.038302
-7.815592	139.030862
-7.790586	139.023267
-7.765581	139.015516
-7.740575	139.007760
-7.715570	139.000416
-7.690565	138.992879
-7.665559	138.985150
-7.640554	138.977228
-7.615548	138.969104
-7.590543	138.960772
-7.565538	138.952242
-7.540532	138.943513
-7.515527	138.934587
-7.490521	138.925462
-7.465516	138.916139
-7.440511	138.906618
-7.415505	138.896898
-7.390500	138.886873
-7.365494	138.875818
-7.340489	138.864521
-7.315484	138.852983
-7.290478	138.841203
-7.265473	138.829031
-7.240467	138.816225
-7.215462	138.803214
-7.190456	138.789996
-7.165451	138.776574
-7.140446	138.762945
-7.115440	138.749112
-7.090435	138.735072
-7.065429	138.720827
-7.040424	138.706364
-7.015419	138.691286
-6.990413	138.675930
-6.965408	138.660296
-6.940402	138.644383
-6.915397	138.628165
-6.890392	138.611359
-6.865386	138.594347
-6.840381	138.577130
-6.815375	138.559707
-6.790370	138.542078
-6.765365	138.524244
-6.740359	138.506204
-6.715354	138.487959
-6.690348	138.469508
-6.665343	138.450760
-6.640337	138.431723
-6.615332	138.412402
-6.590327	138.392796
-6.565321	138.372905
-6.540316	138.352617
-6.515310	138.332069
-6.490305	138.311278
-6.465300	138.290245
-6.440294	138.268970
-6.415289	138.247452
-6.390283	138.225691
-6.365278	138.203689
-6.340273	138.181443
-6.315267	138.158987
-6.290262	138.136301
-6.265256	138.113380
-6.240251	138.090225
-6.215246	138.066834
-6.190240	138.043819
-6.165235	138.020888
-6.140229	137.997772
-6.115224	137.974470
-6.090219	137.950982
-6.065213	137.927308
-6.040208	137.903449
-6.015202	137.879403
-5.990197	137.855173
-5.965191	137.832800
-5.940186	137.810926
-5.915181	137.788966
-5.890175	137.766920
-5.865170	137.744788
-5.840164	137.724238
-5.815159	137.705381
-5.790154	137.686530
-5.765148	137.667685
-5.740143	137.648847
-5.715137	137.630016
-5.690132	137.611192
-5.665127	137.592374
-5.640121	137.573563
-5.615116	137.557480
-5.590110	137.542669
-5.565105	137.527906
-5.540100	137.513193
-5.515094	137.498529
-5.490089	137.484885
-5.465083	137.473516
-5.440078	137.462147
-5.415072	137.450777
-5.390067	137.439408
-5.365062	137.428039
-5.340056	137.416669
-5.315051	137.405300
-5.290045	137.393930
-5.265040	137.383335
-5.240035	137.373244
-5.215029	137.363145
-5.190024	137.353039
-5.165018	137.342926
-5.140013	137.332858
-5.115008	137.323210
-5.090002	137.313519
-5.064997	137.303785
-5.039991	137.294009
-5.014986	137.284191
-4.989981	137.274330
-4.964975	137.264426
-4.939970	137.254480
-4.914964	137.244787
-4.889959	137.235355
-4.864953	137.225916
-4.839948	137.216471
-4.814943	137.207019
-4.789937	137.197560
-4.764932	137.188096
-4.739926	137.178537
-4.714921	137.168877
-4.689916	137.159118
-4.664910	137.149258
-4.639905	137.139298
-4.614899	137.129239
-4.589894	137.119079
-4.564889	137.108762
-4.539883	137.098306
-4.514878	137.087800
-4.489872	137.077244
-4.464867	137.066638
-4.439862	137.055982
-4.414856	137.045401
-4.389851	137.034770
-4.364845	137.024033
-4.339840	137.013191
-4.314835	137.002243
-4.289829	136.991190
-4.264824	136.980030
-4.239818	136.968765
-4.214813	136.957249
-4.189807	136.945290
-4.164802	136.933139
-4.139797	136.920794
-4.114791	136.908255
-4.089786	136.895523
-4.064780	136.882163
-4.039775	136.868256
-4.014770	136.854200
-3.989764	136.839994
-3.964759	136.825640
-3.939753	136.811137
-3.914748	136.796484
-3.889743	136.781683
-3.864737	136.766712
-3.839732	136.751622
-3.814726	136.736518
-3.789721	136.721400
-3.764716	136.706269
-3.739710	136.691125
-3.714705	136.675979
-3.689699	136.660785
-3.664694	136.645491
-3.639688	136.630097
-3.614683	136.614603
-3.589678	136.599010
-3.564672	136.583316
-3.539667	136.567522
-3.514661	136.551620
-3.489656	136.535608
-3.464651	136.519546
-3.439645	136.503435
-3.414640	136.487275
-3.389634	136.471066
-3.364629	136.454859
-3.339624	136.438900
-3.314618	136.422877
-3.289613	136.406791
-3.264607	136.390640
-3.239602	136.374425
-3.214597	136.358146
-3.189591	136.341803
-3.164586	136.325428
-3.139580	136.309327
-3.114575	136.293178
-3.089569	136.276980
-3.064564	136.260733
-3.039559	136.244437
-3.014553	136.228091
-2.989548	136.211949
-2.964542	136.195721
-2.939537	136.179393
-2.914532	136.162966
-2.889526	136.146438
-2.864521	136.129810
-2.839515	136.113082
-2.814510	136.096255
-2.789505	136.079920
-2.764499	136.063530
-2.739494	136.047085
-2.714488	136.030583
-2.689483	136.014026
-2.664478	135.997413
-2.639472	135.981128
-2.614467	135.964869
-2.589461	135.948510
-2.564456	135.932050
-2.539451	135.915488
-2.514445	135.898826
-2.489440	135.882063
-2.464434	135.865199
-2.439429	135.848561
-2.414423	135.831853
-2.389418	135.815046
-2.364413	135.798140
-2.339407	135.781135
-2.314402	135.764031
-2.289396	135.746931
-2.264391	135.729772
-2.239386	135.712463
-2.214380	135.695004
-2.189375	135.677394
-2.164369	135.659635
-2.139364	135.641726
-2.114359	135.623666
-2.089353	135.605484
-2.064348	135.587164
-2.039342	135.568702
-2.014337	135.550097
-1.989332	135.531350
-1.964326	135.512461
-1.939321	135.493623
-1.914315	135.474994
-1.889310	135.456259
-1.864304	135.437417
-1.839299	135.418468
-1.814294	135.399412
-1.789288	135.380250
-1.764283	135.360982
-1.739277	135.342226
-1.714272	135.323540
-1.689267	135.304705
-1.664261	135.285721
-1.639256	135.266588
-1.614250	135.247306
-1.589245	135.228189
-1.564240	135.210366
-1.539234	135.192393
-1.514229	135.174270
-1.489223	135.155997
-1.464218	135.137574
-1.439213	135.119001
-1.414207	135.100278
-1.389202	135.083198
-1.364196	135.066938
-1.339191	135.050577
-1.314185	135.034117
-1.289180	135.017556
-1.264175	135.000896
-1.239169	134.984135
-1.214164	134.970215
-1.189158	134.956183
-1.164153	134.941995
-1.139148	134.927652
-1.114142	134.913153
-1.089137	134.898499
-1.064131	134.883688
-1.039126	134.870330
-1.014121	134.858019
-0.989115	134.845558
-0.964110	134.832948
-0.939104	134.820189
-0.914099	134.807281
-0.889094	134.794223
-0.864088	134.782835
-0.839083	134.771734
-0.814077	134.760442
-0.789072	134.748956
-0.764067	134.737279
-0.739061	134.725409
-0.714056	134.713347
-0.689050	134.702215
-0.664045	134.692098
-0.639039	134.681824
-0.614034	134.671394
-0.589029	134.660807
-0.564023	134.650063
-0.539018	134.639163
-0.514012	134.630291
-0.489007	134.622761
-0.464002	134.615126
-0.438996	134.607386
-0.413991	134.599541
-0.388985	134.591591
-0.363980	134.583537
-0.338975	134.577534
-0.313969	134.574718
-0.288964	134.571910
-0.263958	134.569108
-0.238953	134.566313
-0.213948	134.563525
-0.188942	134.560743
-0.163937	134.560263
-0.138931	134.563126
-0.113926	134.565982
-0.088920	134.568832
-0.063915	134.571675
-0.038910	134.574511
-0.013904	134.577341
0.011101	134.581919
0.036107	134.590237
0.061112	134.598456
0.086117	134.606575
0.111123	134.614596
0.136128	134.622518
0.161134	134.630341
0.186139	134.638848
0.211144	134.650054
0.236150	134.661024
0.261155	134.671759
0.286161	134.682257
0.311166	134.692520
0.336171	134.702547
0.361177	134.712821
0.386182	134.724525
0.411188	134.736073
0.436193	134.747465
0.461199	134.758700
0.486204	134.769779
0.511209	134.780701
0.536215	134.791517
0.561220	134.804543
0.586226	134.817426
0.611231	134.830167
0.636236	134.842765
0.661242	134.855221
0.686247	134.867534
0.711253	134.880115
0.736258	134.894988
0.761263	134.909712
0.786269	134.924287
0.811274	134.938713
0.836280	134.952990
0.861285	134.967118
0.886290	134.981097
0.911296	134.997393
0.936301	135.014091
0.961307	135.030682
0.986312	135.047167
1.011317	135.063545
1.036323	135.079816
1.061328	135.096135
1.086334	135.114827
1.111339	135.133375
1.136345	135.151780
1.161350	135.170041
1.186355	135.188159
1.211361	135.206133
1.236366	135.223964
1.261372	135.242685
1.286377	135.261892
1.311382	135.281000
1.336388	135.300010
1.361393	135.318920
1.386399	135.337731
1.411404	135.356443
1.436409	135.375881
1.461415	135.395199
1.486420	135.414374
1.511426	135.433406
1.536431	135.452295
1.561436	135.471040
1.586442	135.489641
1.611447	135.508377
1.636453	135.527316
1.661458	135.546105
1.686464	135.564746
1.711469	135.583238
1.736474	135.601580
1.761480	135.619773
1.786485	135.637801
1.811491	135.655682
1.836496	135.673421
1.861501	135.691015
1.886507	135.708467
1.911512	135.725775
1.936518	135.742939
1.961523	135.760016
1.986528	135.777143
2.011534	135.794171
2.036539	135.811100
2.061545	135.827931
2.086550	135.844662
2.111555	135.861294
2.136561	135.878374
2.161566	135.895496
2.186572	135.912525
2.211577	135.929460
2.236583	135.946303
2.261588	135.963051
2.286593	135.979707
2.311599	135.996287
2.336604	136.013076
2.361610	136.029765
2.386615	136.046356
2.411620	136.062848
2.436626	136.079240
2.461631	136.095534
2.486637	136.112089
2.511642	136.128725
2.536647	136.145305
2.561653	136.161828
2.586658	136.178294
2.611664	136.194704
2.636669	136.211057
2.661674	136.227353
2.686680	136.244020
2.711685	136.260664
2.736691	136.277216
2.761696	136.293676
2.786701	136.310044
2.811707	136.326319
2.836712	136.342638
2.861718	136.358975
2.886723	136.375254
2.911729	136.391477
2.936734	136.407644
2.961739	136.423754
2.986745	136.439807
3.011750	136.455803
3.036756	136.471871
3.061761	136.487915
3.086766	136.503867
3.111772	136.519727
3.136777	136.535494
3.161783	136.551169
3.186788	136.566924
3.211793	136.582793
3.236799	136.598649
3.261804	136.614492
3.286810	136.630321
3.311815	136.646137
3.336820	136.661939
3.361826	136.677729
3.386831	136.693385
3.411837	136.708801
3.436842	136.724074
3.461848	136.739204
3.486853	136.754190
3.511858	136.769032
3.536864	136.783506
3.561869	136.797596
3.586875	136.811580
3.611880	136.825459
3.636885	136.839232
3.661891	136.852899
3.686896	136.866460
3.711902	136.879916
3.736907	136.893201
3.761912	136.906190
3.786918	136.919028
3.811923	136.931716
3.836929	136.944255
3.861934	136.956643
3.886939	136.968677
3.911945	136.980251
3.936950	136.991725
3.961956	137.003101
3.986961	137.014377
4.011967	137.025554
4.036972	137.036632
4.061977	137.047612
4.086983	137.058428
4.111988	137.068507
4.136994	137.078485
4.161999	137.088364
4.187004	137.098143
4.212010	137.107822
4.237015	137.117424
4.262021	137.127076
4.287026	137.136772
4.312031	137.146512
4.337037	137.156295
4.362042	137.166121
4.387048	137.175990
4.412053	137.185903
4.437058	137.195859
4.462064	137.205880
4.487069	137.215816
4.512075	137.225660
4.537080	137.235410
4.562085	137.245067
4.587091	137.254624
4.612096	137.264121
4.637102	137.273619
4.662107	137.283117
4.687113	137.292616
4.712118	137.302117
4.737123	137.311618
4.762129	137.321120
4.787134	137.330622
4.812140	137.340403
4.837145	137.350250
4.862150	137.360041
4.887156	137.369775
4.912161	137.379453
4.937167	137.389250
4.962172	137.400418
4.987177	137.411629
5.012183	137.422882
5.037188	137.434177
5.062194	137.445515
5.087199	137.456896
5.112204	137.468319
5.137210	137.479785
5.162215	137.492944
5.187221	137.507683
5.212226	137.522423
5.237232	137.537164
5.262237	137.551906
5.287242	137.566760
5.312248	137.585482
5.337253	137.604246
5.362259	137.623053
5.387264	137.641903
5.412269	137.660795
5.437275	137.679729
5.462280	137.698706
5.487286	137.717725
5.512291	137.737905
5.537296	137.760418
5.562302	137.782837
5.587307	137.805164
5.612313	137.827399
5.637318	137.849542
5.662323	137.873835
5.687329	137.898130
5.712334	137.922290
5.737340	137.946314
5.762345	137.970202
5.787351	137.993954
5.812356	138.017571
5.837361	138.041052
5.862367	138.064451
5.887372	138.088000
5.912378	138.111264
5.937383	138.134243
5.962388	138.156937
5.987394	138.179346
6.012399	138.201298
6.037405	138.222982
6.062410	138.244431
6.087415	138.265645
6.112421	138.286625
6.137426	138.307369
6.162432	138.327878
6.187437	138.348153
6.212442	138.368193
6.237448	138.388139
6.262453	138.407812
6.287459	138.427200
6.312464	138.446303
6.337469	138.465122
6.362475	138.483789
6.387480	138.502248
6.412486	138.520465
6.437491	138.538440
6.462497	138.556172
6.487502	138.573661
6.512507	138.590908
6.537513	138.607913
6.562518	138.624675
6.587524	138.641007
6.612529	138.656994
6.637534	138.672696
6.662540	138.688113
6.687545	138.703245
6.712551	138.717937
6.737556	138.732310
6.762561	138.746439
6.787567	138.760326
6.812572	138.773971
6.837578	138.787373
6.862583	138.800533
6.887588	138.813451
6.912594	138.826126
6.937599	138.838364
6.962605	138.850201
6.987610	138.861796
7.012616	138.873149
7.037621	138.884261
7.062626	138.894804
7.087632	138.904922
7.112637	138.914840
7.137643	138.924560
7.162648	138.934080
7.187653	138.943402
7.212659	138.952524
7.237664	138.961448
7.262670	138.970173
7.287675	138.978683
7.312680	138.986967
7.337686	138.995053
7.362691	139.002941
7.387697	139.010630
7.412702	139.018250
7.437707	139.025864
7.462713	139.033371
7.487718	139.040772
7.512724	139.048066
7.537729	139.055254
7.562735	139.062335
7.587740	139.069309
7.612745	139.076177
7.637751	139.082912
7.662756	139.089381
7.687762	139.095701
7.712767	139.101871
7.737772	139.107893
7.762778	139.113572
7.787783	139.118900
7.812789	139.124157
7.837794	139.129346
7.862799	139.134464
7.887805	139.139512
7.912810	139.144491
7.937816	139.149399
7.962821	139.154238
7.987826	139.159007
8.012832	139.163253
8.037837	139.167478
8.062843	139.171696
8.087848	139.175907
8.112853	139.179756
8.137859	139.183014
8.162864	139.186416
8.187870	139.189960
8.212875	139.193648
8.237881	139.197480
8.262886	139.201454
8.287891	139.205572
8.312897	139.209833
8.337902	139.214237
8.362908	139.218379
8.387913	139.222583
8.412918	139.226973
8.437924	139.231548
8.462929	139.236171
8.487935	139.240642
8.512940	139.245391
8.537945	139.250418
8.562951	139.255724
8.587956	139.261308
8.612962	139.267170
8.637967	139.273310
8.662972	139.279729
8.687978	139.286426
8.712983	139.293227
8.737989	139.300144
8.762994	139.307290
8.788000	139.314664
8.813005	139.322251
8.838010	139.329969
8.863016	139.337893
8.888021	139.346023
8.913027	139.354358
8.938032	139.362898
8.963037	139.371645
8.988043	139.380596
9.013048	139.389754
9.038054	139.399117
9.063059	139.408571
9.088064	139.418048
9.113070	139.427725
9.138075	139.437600
9.163081	139.447638
9.188086	139.457457
9.213091	139.467438
9.238097	139.477582
9.263102	139.487888
9.288108	139.498356
9.313113	139.508987
9.338119	139.519780
9.363124	139.530736
9.388129	139.541854
9.413135	139.552862
9.438140	139.562871
9.463146	139.572952
9.488151	139.583103
9.513156	139.593324
9.538162	139.600837
9.563167	139.608358
9.588173	139.615892
9.613178	139.623438
9.638183	139.630997
9.663189	139.638568
9.688194	139.646151
9.713200	139.653747
9.738205	139.661355
9.763210	139.668959
9.788216	139.672886
9.813221	139.676763
9.838227	139.680590
9.863232	139.684369
9.888237	139.684758
9.913243	139.684825
9.938248	139.684892
9.963254	139.684959
9.988259	139.685026
10.013265	139.685092
10.038270	139.685159
10.063275	139.685226
10.088281	139.685293
10.113286	139.685359
10.138292	139.683505
10.163297	139.681328
10.188302	139.679286
10.213308	139.677380
10.238313	139.674517
10.263319	139.671612
10.288324	139.668899
10.313329	139.666378
10.338335	139.664050
10.363340	139.661915
10.388346	139.659971
10.413351	139.658221
10.438356	139.656662
10.463362	139.655296
10.488367	139.653832
10.513373	139.652417
10.538378	139.651236
10.563384	139.650292
10.588389	139.649509
10.613394	139.648936
10.638400	139.648598
10.663405	139.648497
10.688411	139.648631
10.713416	139.649001
10.738421	139.649606
10.763427	139.650448
10.788432	139.651525
10.813438	139.652838
10.838443	139.654367
10.863448	139.656105
10.888454	139.658080
10.913459	139.660290
10.938465	139.662771
10.963470	139.665542
10.988475	139.668591
11.013481	139.671919
11.038486	139.675524
11.063492	139.679408
11.088497	139.683570
11.113503	139.688011
11.138508	139.692730
11.163513	139.697727
11.188519	139.703000
11.213524	139.708515
11.238530	139.714258
11.263535	139.720229
11.288540	139.726427
11.313546	139.732869
11.338551	139.739559
11.363557	139.746499
11.388562	139.753688
11.413567	139.761125
11.438573	139.768811
11.463578	139.776747
11.488584	139.784931
11.513589	139.793365
11.538594	139.802019
11.563600	139.810165
11.588605	139.818417
11.613611	139.826775
11.638616	139.834447
11.663621	139.841395
11.688627	139.848469
11.713632	139.855670
11.738638	139.862997
11.763643	139.870450
11.788649	139.878030
11.813654	139.885737
11.838659	139.893570
11.863665	139.901530
11.888670	139.909617
11.913676	139.915647
11.938681	139.921351
11.963686	139.927118
11.988692	139.931864
12.013697	139.935029
12.038703	139.938256
12.063708	139.941546
12.088713	139.944899
12.113719	139.948313
12.138724	139.951791
12.163730	139.955330
12.188735	139.958933
12.213740	139.962597
12.238746	139.966324
12.263751	139.968117
12.288757	139.968910
12.313762	139.969758
12.338768	139.969914
12.363773	139.968590
12.388778	139.967502
12.413784	139.966649
12.438789	139.966033
12.463795	139.965652
12.488800	139.965507
12.513805	139.965598
12.538811	139.965924
12.563816	139.966486
12.588822	139.967285
12.613827	139.968003
12.638832	139.968557
12.663838	139.969303
12.688843	139.970186
12.713849	139.971123
12.738854	139.972338
12.763859	139.973832
12.788865	139.975604
12.813870	139.977654
12.838876	139.979982
12.863881	139.982589
12.888887	139.985474
12.913892	139.988638
12.938897	139.992079
12.963903	139.995738
12.988908	139.999453
13.013914	140.003359
13.038919	140.007442
13.063924	140.011696
13.088930	140.016264
13.113935	140.021148
13.138941	140.026346
13.163946	140.031860
13.188951	140.037689
13.213957	140.043833
13.238962	140.050292
13.263968	140.057066
13.288973	140.064155
13.313978	140.071555
13.338984	140.079181
13.363989	140.087073
13.388995	140.095217
13.414000	140.103376
13.439005	140.111740
13.464011	140.120309
13.489016	140.129084
13.514022	140.138065
13.539027	140.147251
13.564033	140.156643
13.589038	140.166241
13.614043	140.176044
13.639049	140.186052
13.664054	140.196267
13.689060	140.205933
13.714065	140.215610
13.739070	140.225392
13.764076	140.234339
13.789081	140.243381
13.814087	140.252548
13.839092	140.261841
13.864097	140.271259
13.889103	140.280802
13.914108	140.290472
13.939114	140.300266
13.964119	140.310187
13.989124	140.320233
14.014130	140.330404
14.039135	140.338628
14.064141	140.345839
14.089146	140.352934
14.114152	140.356474
14.139157	140.359514
14.164162	140.362519
14.189168	140.365486
14.214173	140.368417
14.239179	140.371311
14.264184	140.374168
14.289189	140.376989
14.314195	140.379772
14.339200	140.382520
14.364206	140.385230
14.389211	140.386166
14.414216	140.385297
14.439222	140.384384
14.464227	140.380838
14.489233	140.376712
14.514238	140.372679
14.539243	140.368740
14.564249	140.364894
14.589254	140.361142
14.614260	140.357483
14.639265	140.353918
14.664271	140.350446
14.689276	140.347068
14.714281	140.343783
14.739287	140.340183
14.764292	140.335828
14.789298	140.331703
14.814303	140.327518
14.839308	140.323494
14.864314	140.319754
14.889319	140.316300
14.914325	140.313130
14.939330	140.310246
14.964335	140.307646
14.989341	140.305331
15.014346	140.303301
15.039352	140.301557
15.064357	140.300097
15.089362	140.298899
15.114368	140.297793
15.139373	140.296946
15.164379	140.296083
15.189384	140.295367
15.214389	140.294971
15.239395	140.294898
15.264400	140.295146
15.289406	140.295716
15.314411	140.296607
15.339417	140.297820
15.364422	140.299355
15.389427	140.301211
15.414433	140.303389
15.439438	140.305889
15.464444	140.307982
15.489449	140.310178
15.514454	140.312239
15.539460	140.314241
15.564465	140.316449
15.589471	140.318862
15.614476	140.321481
15.639481	140.324306
15.664487	140.327336
15.689492	140.330571
15.714498	140.334013
15.739503	140.337660
15.764508	140.341512
15.789514	140.345570
15.814519	140.348801
15.839525	140.351738
15.864530	140.354111
15.889536	140.355813
15.914541	140.357635
15.939546	140.359577
15.964552	140.361638
15.989557	140.363819
16.014563	140.366120
16.039568	140.368541
16.064573	140.371081
16.089579	140.373742
16.114584	140.376521
16.139590	140.379421
16.164595	140.381976
16.189600	140.384159
16.214606	140.386356
16.239611	140.388598
16.264617	140.390896
16.289622	140.393250
16.314627	140.395661
16.339633	140.398128
16.364638	140.400652
16.389644	140.403232
16.414649	140.405868
16.439655	140.408561
16.464660	140.411310
16.489665	140.414116
16.514671	140.416812
16.539676	140.419167
16.564682	140.421425
16.589687	140.423546
16.614692	140.425648
16.639698	140.427729
16.664703	140.429791
16.689709	140.431833
16.714714	140.433855
16.739719	140.435857
16.764725	140.437840
16.789730	140.439802
16.814736	140.441745
16.839741	140.443668
16.864746	140.445590
16.889752	140.447536
16.914757	140.449315
16.939763	140.450706
16.964768	140.451775
16.989773	140.452523
17.014779	140.452948
17.039784	140.453052
17.064790	140.452835
17.089795	140.452295
17.114801	140.451434
17.139806	140.450251
17.164811	140.448746
17.189817	140.446919
17.214822	140.444771
17.239828	140.441434
17.264833	140.437637
17.289838	140.432748
17.314844	140.427545
17.339849	140.422026
17.364855	140.416192
17.389860	140.410043
17.414865	140.403578
17.439871	140.396799
17.464876	140.389704
17.489882	140.382295
17.514887	140.374570
17.539892	140.366530
17.564898	140.358175
17.589903	140.348215
17.614909	140.337485
17.639914	140.325275
17.664920	140.312830
17.689925	140.300149
17.714930	140.287232
17.739936	140.274079
17.764941	140.260691
17.789947	140.247067
17.814952	140.233207
17.839957	140.219111
17.864963	140.204779
17.889968	140.190212
17.914974	140.175409
17.939979	140.160206
17.964984	140.144627
17.989990	140.128245
18.014995	140.111662
18.040001	140.094917
18.065006	140.078009
18.090011	140.060939
18.115017	140.043706
18.140022	140.026311
18.165028	140.008754
18.190033	139.991034
18.215039	139.973152
18.240044	139.955108
18.265049	139.936901
18.290055	139.918614
18.315060	139.900372
18.340066	139.883799
18.365071	139.867489
18.390076	139.851146
18.415082	139.834769
18.440087	139.818360
18.465093	139.801917
18.490098	139.785441
18.515103	139.768932
18.540109	139.752390
18.565114	139.735815
18.590120	139.719206
18.615125	139.702565
18.640130	139.686526
18.665136	139.673328
18.690141	139.662039
18.715147	139.651363
18.740152	139.640713
18.765157	139.630089
18.790163	139.619492
18.815168	139.608921
18.840174	139.598376
18.865179	139.587858
18.890185	139.577366
18.915190	139.566900
18.940195	139.556461
18.965201	139.546048
18.990206	139.535662
19.015212	139.527828
19.040217	139.520864
19.065222	139.514334
19.090228	139.507824
19.115233	139.501334
19.140239	139.494865
19.165244	139.488417
19.190249	139.481989
19.215255	139.475582
19.240260	139.469195
19.265266	139.462829
19.290271	139.456484
19.315276	139.450159
19.340282	139.443855
19.365287	139.436034
19.390293	139.427002
19.415298	139.417501
19.440304	139.408035
19.465309	139.398606
19.490314	139.389213
19.515320	139.379855
19.540325	139.370533
19.565331	139.361247
19.590336	139.351997
19.615341	139.342782
19.640347	139.333604
19.665352	139.324461
19.690358	139.315355
19.715363	139.306926
19.740368	139.298814
19.765374	139.290469
19.790379	139.282029
19.815385	139.273497
19.840390	139.264871
19.865395	139.256152
19.890401	139.247339
19.915406	139.238433
19.940412	139.229434
19.965417	139.220341
19.990423	139.211155
20.015428	139.201875
20.040433	139.192502
20.065439	139.182503
20.090444	139.171019
20.115450	139.158547
20.140455	139.145908
20.165460	139.133104
20.190466	139.120134
20.215471	139.106999
20.240477	139.093697
20.265482	139.080230
20.290487	139.066597
20.315493	139.052798
20.340498	139.038833
20.365504	139.024703
20.390509	139.010406
20.415514	138.995293
20.440520	138.977088
20.465525	138.957649
20.490531	138.938081
20.515536	138.918385
20.540541	138.898559
20.565547	138.878604
20.590552	138.858520
20.615558	138.838307
20.640563	138.817964
20.665569	138.797493
20.690574	138.776893
20.715579	138.756163
20.740585	138.735304
20.765590	138.714305
20.790596	138.692412
20.815601	138.669699
20.840606	138.647096
20.865612	138.624604
20.890617	138.602222
20.915623	138.579950
20.940628	138.557789
20.965633	138.535738
20.990639	138.513798
21.015644	138.491967
21.040650	138.470248
21.065655	138.448638
21.090660	138.427139
21.115666	138.405751
21.140671	138.383806
21.165677	138.361605
21.190682	138.339289
21.215688	138.316857
21.240693	138.294309
21.265698	138.271644
21.290704	138.248864
21.315709	138.225969
21.340715	138.202957
21.365720	138.179829
21.390725	138.156585
21.415731	138.133226
21.440736	138.109751
21.465742	138.086159
21.490747	138.061628
21.515752	138.034476
21.540758	138.007207
21.565763	137.979821
21.590769	137.952318
21.615774	137.924699
21.640779	137.896963
21.665785	137.869110
21.690790	137.841140
21.715796	137.813053
21.740801	137.784850
21.765807	137.756530
21.790812	137.728093
21.815817	137.699540
21.840823	137.670308
21.865828	137.638328
21.890834	137.606324
21.915839	137.574306
21.940844	137.542276
21.965850	137.510232
21.990855	137.478176
22.015861	137.446106
22.040866	137.414022
22.065871	137.381926
22.090877	137.349816
22.115882	137.317694
22.140888	137.285558
22.165893	137.253409
22.190898	137.220572
22.215904	137.184742
22.240909	137.148620
22.265915	137.112291
22.290920	137.075757
22.315925	137.039017
22.340931	137.002072
22.365936	136.964920
22.390942	136.927563
22.415947	136.890001
22.440953	136.852232
22.465958	136.814258
22.490963	136.776078
22.515969	136.737692
22.540974	136.698901
22.565980	136.653317
22.590985	136.606787
22.615990	136.560034
22.640996	136.513060
22.666001	136.465865
22.691007	136.418447
22.716012	136.370808
22.741017	136.322947
22.766023	136.274864
22.791028	136.226560
22.816034	136.178034
22.841039	136.129286
22.866044	136.080316
22.891050	136.031125
22.916055	135.977831
22.941061	135.923302
22.966066	135.868602
22.991072	135.813729
23.016077	135.758685
23.041082	135.703469
23.066088	135.648082
23.091093	135.592523
23.116099	135.536792
23.141104	135.480889
23.166109	135.424815
23.191115	135.368569
23.216120	135.312151
23.241126	135.255561
23.266131	135.196059
23.291136	135.135189
23.316142	135.074352
23.341147	135.013548
23.366153	134.952776
23.391158	134.892038
23.416163	134.831332
23.441169	134.770659
23.466174	134.710019
23.491180	134.649412
23.516185	134.588838
23.541191	134.528296
23.566196	134.467788
23.591201	134.407312
23.616207	134.340882
23.641212	134.268620
23.666218	134.195750
23.691223	134.122273
23.716228	134.048189
23.741234	133.973497
23.766239	133.898198
23.791245	133.822291
23.816250	133.745777
23.841255	133.668656
23.866261	133.590927
23.891266	133.512590
23.916272	133.433646
23.941277	133.354095
23.966282	133.267648
23.991288	133.169763
24.016293	133.070276
24.041299	132.969187
24.066304	132.866497
24.091309	132.762205
24.116315	132.656310
24.141320	132.548814
24.166326	132.439716
24.191331	132.329017
24.216337	132.216715
24.241342	132.102812
24.266347	131.987306
24.291353	131.870199
24.316358	131.741931
24.341364	131.580876
24.366369	131.415327
24.391374	131.245282
24.416380	131.070744
24.441385	130.891710
24.466391	130.708183
24.491396	130.520161
24.516401	130.327644
24.541407	130.130632
24.566412	129.929127
24.591418	129.723126
24.616423	129.512632
24.641428	129.297642
24.666434	129.051667
24.691439	128.660094
24.716445	128.237537
24.741450	127.791875
24.766456	127.323108
24.791461	126.831236
24.816466	126.316259
24.841472	125.778176
24.866477	125.216989
24.891483	124.632697
24.916488	124.025299
24.941493	123.394797
24.966499	122.741189
24.991504	122.064477
25.016510	121.308902
25.041515	120.152706
25.066520	118.890283
25.091526	117.594037
25.116531	116.263968
25.141537	114.900076
25.166542	113.502361
25.191547	112.070822
25.216553	110.605460
25.241558	109.106275
25.266564	107.573266
25.291569	106.006435
25.316575	104.405780
25.341580	102.771302
25.366585	101.078419
25.391591	99.113372
25.416596	97.055749
25.441602	94.993595
25.466607	92.926909
25.491612	90.855693
25.516618	88.779946
25.541623	86.699668
25.566629	84.614859
25.591634	82.525519
25.616639	80.431648
25.641645	78.333246
25.666650	76.230312
25.691656	74.122848
25.716661	72.015540
25.741666	70.036224
25.766672	68.152141
25.791677	66.296401
25.816683	64.469005
25.841688	62.669953
25.866693	60.899244
25.891699	59.156879
25.916704	57.442858
25.941710	55.757180
25.966715	54.099846
25.991721	52.470856
26.016726	50.870209
26.041731	49.297906
26.066737	47.753946
26.091742	46.476634
26.116748	45.419833
26.141753	44.389732
26.166758	43.386331
26.191764	42.409631
26.216769	41.459630
26.241775	40.536329
26.266780	39.639728
26.291785	38.769827
26.316791	37.926627
26.341796	37.110126
26.366802	36.320325
26.391807	35.557225
26.416812	34.820824
26.441818	34.216384
26.466823	33.756573
26.491829	33.315245
26.516834	32.884586
26.541840	32.464595
26.566845	32.055273
26.591850	31.656619
26.616856	31.268634
26.641861	30.891317
26.666867	30.524669
26.691872	30.168690
26.716877	29.823379
26.741883	29.488737
26.766888	29.164763
26.791894	28.886292
26.816899	28.649120
26.841904	28.423699
26.866910	28.200599
26.891915	27.979820
26.916921	27.761362
26.941926	27.545226
26.966931	27.331411
26.991937	27.119917
27.016942	26.910745
27.041948	26.703894
27.066953	26.499363
27.091959	26.297155
27.116964	26.097267
27.141969	25.906603
27.166975	25.723598
27.191980	25.544100
27.216986	25.365091
27.241991	25.186569
27.266996	25.008535
27.292002	24.830989
27.317007	24.653931
27.342013	24.477361
27.367018	24.301278
27.392023	24.125684
27.417029	23.950577
27.442034	23.775958
27.467040	23.601827
27.492045	23.425471
27.517050	23.247008
27.542056	23.067465
27.567061	22.887660
27.592067	22.707594
27.617072	22.527266
27.642077	22.346677
27.667083	22.165826
27.692088	21.984713
27.717094	21.803339
27.742099	21.621704
27.767105	21.439806
27.792110	21.257648
27.817115	21.075227
27.842121	20.891522
27.867126	20.706357
27.892132	20.519136
27.917137	20.331915
27.942142	20.144695
27.967148	19.957476
27.992153	19.770258
28.017159	19.583040
28.042164	19.395824
28.067169	19.208607
28.092175	19.021392
28.117180	18.834177
28.142186	18.646963
28.167191	18.459750
28.192196	18.271974
28.217202	18.083382
28.242207	17.890573
28.267213	17.697075
28.292218	17.502999
28.317224	17.308346
28.342229	17.113116
28.367234	16.917308
28.392240	16.720922
28.417245	16.523960
28.442251	16.326420
28.467256	16.128302
28.492261	15.929607
28.517267	15.730335
28.542272	15.526919
28.567278	15.317024
28.592283	15.103769
28.617288	14.890129
28.642294	14.677112
28.667299	14.464718
28.692305	14.252949
28.717310	14.041802
28.742315	13.831279
28.767321	13.621379
28.792326	13.412103
28.817332	13.203451
28.842337	12.995421
28.867343	12.788016
28.892348	12.583491
28.917353	12.386875
28.942359	12.200335
28.967364	12.022779
28.992370	11.849365
29.017375	11.680093
29.042380	11.514965
29.067386	11.353978
29.092391	11.197135
29.117397	11.044434
29.142402	10.895875
29.167407	10.751459
29.192413	10.611186
29.217418	10.475055
29.242424	10.345107
29.267429	10.228306
29.292434	10.121475
29.317440	10.026169
29.342445	9.933970
29.367451	9.844880
29.392456	9.758898
29.417461	9.676024
29.442467	9.596257
29.467472	9.519599
29.492478	9.446048
29.517483	9.375606
29.542489	9.308271
29.567494	9.244044
29.592499	9.184195
29.617505	9.136782
29.642510	9.090512
29.667516	9.046550
29.692521	9.003019
29.717526	8.959919
29.742532	8.917249
29.767537	8.875009
29.792543	8.833199
29.817548	8.791820
29.842553	8.750871
29.867559	8.710352
29.892564	8.670264
29.917570	8.630606
29.942575	8.591484
29.967580	8.557693
29.992586	8.524130
30.017591	8.492840
30.042597	8.461744
30.067602	8.430839
30.092608	8.400127
30.117613	8.369608
30.142618	8.339280
30.167624	8.309146
30.192629	8.279204
30.217635	8.249454
30.242640	8.219896
30.267645	8.190531
30.292651	8.161359
30.317656	8.130045
30.342662	8.098683
30.367667	8.067894
30.392672	8.037311
30.417678	8.006826
30.442683	7.976441
30.467689	7.946155
30.492694	7.915969
30.517699	7.885881
30.542705	7.855893
30.567710	7.826004
30.592716	7.796214
30.617721	7.766523
30.642727	7.736931
30.667732	7.710214
30.692737	7.684130
30.717743	7.658427
30.742748	7.632937
30.767754	7.607496
30.792759	7.582103
30.817764	7.556760
30.842770	7.531466
30.867775	7.506222
30.892781	7.481026
30.917786	7.455880
30.942791	7.430782
30.967797	7.405734
30.992802	7.380735
31.017808	7.354519
31.042813	7.328003
31.067818	7.301941
31.092824	7.276419
31.117829	7.250954
31.142835	7.225545
31.167840	7.200193
31.192845	7.174898
31.217851	7.149659
31.242856	7.124476
31.267862	7.099351
31.292867	7.074281
31.317873	7.049269
31.342878	7.024312
31.367883	6.998879
31.392889	6.973278
31.417894	6.947487
31.442900	6.920845
31.467905	6.894252
31.492910	6.867710
31.517916	6.841217
31.542921	6.814774
31.567927	6.788382
31.592932	6.762039
31.617937	6.735747
31.642943	6.709504
31.667948	6.683312
31.692954	6.657170
31.717959	6.632430
31.742964	6.608708
31.767970	6.585116
31.792975	6.562410
31.817981	6.539754
31.842986	6.517147
31.867992	6.494589
31.892997	6.472081
31.918002	6.449621
31.943008	6.427211
31.968013	6.404851
31.993019	6.382539
32.018024	6.360277
32.043029	6.338064
32.068035	6.315304
32.093040	6.292014
32.118046	6.268783
32.143051	6.246387
32.168056	6.224173
32.193062	6.202001
32.218067	6.179872
32.243073	6.157786
32.268078	6.135742
32.293083	6.113741
32.318089	6.091783
32.343094	6.069867
32.368100	6.047994
32.393105	6.026163
32.418111	6.004178
32.443116	5.982004
32.468121	5.959928
32.493127	5.937169
32.518132	5.914053
32.543138	5.890981
32.568143	5.867952
32.593148	5.844966
32.618154	5.822024
32.643159	5.799126
32.668165	5.776271
32.693170	5.753459
32.718175	5.730691
32.743181	5.707967
32.768186	5.685773
32.793192	5.664570
32.818197	5.643373
32.843202	5.622381
32.868208	5.601663
32.893213	5.581001
32.918219	5.560396
32.943224	5.539848
32.968229	5.519356
32.993235	5.498921
33.018240	5.478543
33.043246	5.458221
33.068251	5.437956
33.093257	5.417748
33.118262	5.397601
33.143267	5.377516
33.168273	5.357474
33.193278	5.337858
33.218284	5.319320
33.243289	5.300832
33.268294	5.282395
33.293300	5.264007
33.318305	5.245669
33.343311	5.227382
33.368316	5.209144
33.393321	5.190956
33.418327	5.172819
33.443332	5.154731
33.468338	5.136685
33.493343	5.118645
33.518348	5.100654
33.543354	5.082605
33.568359	5.063340
33.593365	5.044119
33.618370	5.024942
33.643376	5.005809
33.668381	4.986720
33.693386	4.967676
33.718392	4.948676
33.743397	4.929720
33.768403	4.910809
33.793408	4.891941
33.818413	4.873131
33.843419	4.854522
33.868424	4.835969
33.893430	4.817471
33.918435	4.800435
33.943440	4.783584
33.968446	4.766733
33.993451	4.749883
34.018457	4.733032
34.043462	4.716182
34.068467	4.699331
34.093473	4.682481
34.118478	4.665630
34.143484	4.648780
34.168489	4.631929
34.193495	4.614184
34.218500	4.596481
34.243505	4.578828
34.268511	4.560288
34.293516	4.541380
34.318522	4.522521
34.343527	4.503713
34.368532	4.484955
34.393538	4.466247
34.418543	4.447589
34.443549	4.428981
34.468554	4.410423
34.493559	4.391914
34.518565	4.373456
34.543570	4.355365
34.568576	4.337356
34.593581	4.319396
34.618586	4.301328
34.643592	4.283145
34.668597	4.265006
34.693603	4.246910
34.718608	4.228858
34.743613	4.210849
34.768619	4.192883
34.793624	4.174961
34.818630	4.157082
34.843635	4.139246
34.868641	4.121454
34.893646	4.103852
34.918651	4.086331
34.943657	4.068859
34.968662	4.051779
34.993668	4.035552
35.018673	4.019411
35.043678	4.003357
35.068684	3.987390
35.093689	3.971510
35.118695	3.955716
35.143700	3.940009
35.168705	3.924388
35.193711	3.908855
35.218716	3.893408
35.243722	3.877353
35.268727	3.861063
35.293732	3.844779
35.318738	3.828393
35.343743	3.811161
35.368749	3.793934
35.393754	3.776715
35.418760	3.759502
35.443765	3.742295
35.468770	3.725095
35.493776	3.707901
35.518781	3.690714
35.543787	3.673534
35.568792	3.656359
35.593797	3.639571
35.618803	3.623035
35.643808	3.606557
35.668814	3.590135
35.693819	3.573698
35.718824	3.557300
35.743830	3.540945
35.768835	3.524633
35.793841	3.508365
35.818846	3.492140
35.843851	3.475959
35.868857	3.459821
35.893862	3.443727
35.918868	3.427677
35.943873	3.412284
35.968879	3.397419
35.993884	3.382603
36.018889	3.367838
36.043895	3.353814
36.068900	3.340062
36.093906	3.326316
36.118911	3.312578
36.143916	3.298846
36.168922	3.285121
36.193927	3.271403
36.218933	3.257692
36.243938	3.243987
36.268943	3.230289
36.293949	3.216185
36.318954	3.201661
36.343960	3.187179
36.368965	3.172740
36.393970	3.158190
36.418976	3.143552
36.443981	3.128964
36.468987	3.114426
36.493992	3.099938
36.518997	3.085500
36.544003	3.071113
36.569008	3.056775
36.594014	3.042487
36.619019	3.028249
36.644025	3.014392
36.669030	3.001068
36.694035	2.987743
36.719041	2.974418
36.744046	2.961131
36.769052	2.947978
36.794057	2.934918
36.819062	2.921951
36.844068	2.909076
36.869073	2.896294
36.894079	2.883604
36.919084	2.871006
36.944089	2.858502
36.969095	2.846089
36.994100	2.833429
37.019106	2.820031
37.044111	2.806646
37.069116	2.793274
37.094122	2.779843
37.119127	2.766024
37.144133	2.752249
37.169138	2.738515
37.194144	2.724825
37.219149	2.711176
37.244154	2.697571
37.269160	2.684007
37.294165	2.670487
37.319171	2.657008
37.344176	2.643638
37.369181	2.630548
37.394187	2.617508
37.419192	2.604518
37.444198	2.591578
37.469203	2.578333
37.494208	2.565114
37.519214	2.551938
37.544219	2.538805
37.569225	2.525714
37.594230	2.512666
37.619235	2.499660
37.644241	2.486697
37.669246	2.473777
37.694252	2.461056
37.719257	2.449386
37.744263	2.437723
37.769268	2.426068
37.794273	2.414420
37.819279	2.402900
37.844284	2.391462
37.869290	2.380073
37.894295	2.368734
37.919300	2.357443
37.944306	2.346202
37.969311	2.335009
37.994317	2.323866
38.019322	2.312772
38.044327	2.301695
38.069333	2.290006
38.094338	2.278361
38.119344	2.266759
38.144349	2.255200
38.169354	2.243809
38.194360	2.232525
38.219365	2.221246
38.244371	2.209973
38.269376	2.198706
38.294381	2.187445
38.319387	2.176189
38.344392	2.164938
38.369398	2.153694
38.394403	2.142455
38.419409	2.132111
38.444414	2.121858
38.469419	2.111663
38.494425	2.101524
38.519430	2.091384
38.544436	2.081162
38.569441	2.070932
38.594446	2.060695
38.619452	2.050451
38.644457	2.040198
38.669463	2.029939
38.694468	2.019672
38.719473	2.009397
38.744479	1.999115
38.769484	1.988506
38.794490	1.977897
38.819495	1.967339
38.844500	1.956830
38.869506	1.946487
38.894511	1.936678
38.919517	1.926868
38.944522	1.917059
38.969528	1.907250
38.994533	1.897440
39.019538	1.887631
39.044544	1.877822
39.069549	1.868012
39.094555	1.858203
39.119560	1.848627
39.144565	1.839119
39.169571	1.829617
39.194576	1.820122
39.219582	1.810634
39.244587	1.800785
39.269592	1.790932
39.294598	1.781079
39.319603	1.771226
39.344609	1.761373
39.369614	1.751520
39.394619	1.741667
39.419625	1.731814
39.444630	1.721961
39.469636	1.712745
39.494641	1.703840
39.519646	1.694985
39.544652	1.686180
39.569657	1.677426
39.594663	1.669130
39.619668	1.660942
39.644674	1.652753
39.669679	1.644563
39.694684	1.636372
39.719690	1.628181
39.744695	1.619989
39.769701	1.611795
39.794706	1.603601
39.819711	1.595658
39.844717	1.587869
39.869722	1.580080
39.894728	1.572292
39.919733	1.564503
39.944738	1.556969
39.969744	1.549605
39.994749	1.542248
40.019755	1.534896
40.044760	1.527550
40.069765	1.520210
40.094771	1.512875
40.119776	1.505547
40.144782	1.498224
40.169787	1.491027
40.194793	1.483972
40.219798	1.476959
40.244803	1.469990
40.269809	1.463065
40.294814	1.456027
40.319820	1.448815
40.344825	1.441653
40.369830	1.434539
40.394836	1.427474
40.419841	1.420459
40.444847	1.413493
40.469852	1.406576
40.494857	1.399708
40.519863	1.393092
40.544868	1.386747
40.569874	1.380410
40.594879	1.374079
40.619884	1.367757
40.644890	1.361463
40.669895	1.355275
40.694901	1.349130
40.719906	1.343029
40.744912	1.336971
40.769917	1.330956
40.794922	1.324985
40.819928	1.319057
40.844933	1.313173
40.869939	1.307396
40.894944	1.301752
40.919949	1.296114
40.944955	1.290484
40.969960	1.284859
40.994966	1.279252
41.019971	1.274016
41.044976	1.268780
41.069982	1.263546
41.094987	1.258312
41.119993	1.253079
41.144998	1.247847
41.170003	1.242616
41.195009	1.237386
41.220014	1.232236
41.245020	1.227298
41.270025	1.222366
41.295030	1.217442
41.320036	1.212523
41.345041	1.207612
41.370047	1.202797
41.395052	1.198042
41.420058	1.193330
41.445063	1.188661
41.470068	1.184036
41.495074	1.179454
41.520079	1.174915
41.545085	1.170420
41.570090	1.165871
41.595095	1.160928
41.620101	1.155993
41.645106	1.151064
41.670112	1.146144
41.695117	1.141230
41.720122	1.133558
41.745128	1.123177
41.770133	1.111389
41.795139	1.098194
41.820144	1.083593
41.845149	1.067586
41.870155	1.050171
41.895160	1.031350
41.920166	0.000000
41.945171	0.000000
41.970177	0.000000
41.995182	0.000000
42.020187	0.000000
42.045193	0.000000
42.070198	0.000000
42.095204	0.000000
42.120209	0.000000
