Patient Name: EQUIPO 4 2025, QA
Patient ID: Eq4-2025
Plan: PerfDiag
Course: C-Fisica
Date: Friday, August 07, 2026 3:12:02 PM
Exported by: paberbuj

Start: (-29.81, -28.46, -30.09)
End:   (29.53, -28.46, 29.53)

	Campo 1
-42.549582	0.000000
-42.524577	0.000000
-42.499572	0.000000
-42.474567	0.000000
-42.449562	0.000000
-42.424557	0.000000
-42.399552	0.293401
-42.374547	0.351043
-42.349542	0.406432
-42.324537	0.459567
-42.299532	0.510447
-42.274527	0.554178
-42.249522	0.590942
-42.224517	0.626528
-42.199512	0.660937
-42.174506	0.694168
-42.149501	0.726221
-42.124496	0.757096
-42.099491	0.786794
-42.074486	0.815314
-42.049481	0.829584
-42.024476	0.833097
-41.999471	0.836610
-41.974466	0.840123
-41.949461	0.843638
-41.924456	0.847237
-41.899451	0.851046
-41.874446	0.854870
-41.849441	0.858711
-41.824436	0.862567
-41.799431	0.866439
-41.774426	0.870327
-41.749421	0.874231
-41.724416	0.878150
-41.699411	0.882155
-41.674406	0.886286
-41.649401	0.890467
-41.624396	0.894697
-41.599391	0.898976
-41.574386	0.903305
-41.549381	0.907685
-41.524375	0.912115
-41.499370	0.916596
-41.474365	0.921126
-41.449360	0.925706
-41.424355	0.930336
-41.399350	0.935017
-41.374345	0.939747
-41.349340	0.944572
-41.324335	0.949497
-41.299330	0.954423
-41.274325	0.959348
-41.249320	0.964274
-41.224315	0.969199
-41.199310	0.974349
-41.174305	0.979510
-41.149300	0.984671
-41.124295	0.989831
-41.099290	0.994991
-41.074285	1.000151
-41.049280	1.005310
-41.024275	1.010469
-40.999270	1.015680
-40.974265	1.021090
-40.949260	1.026550
-40.924255	1.032060
-40.899250	1.037620
-40.874244	1.043230
-40.849239	1.048898
-40.824234	1.054588
-40.799229	1.060295
-40.774224	1.066017
-40.749219	1.071756
-40.724214	1.077510
-40.699209	1.083281
-40.674204	1.089068
-40.649199	1.094896
-40.624194	1.100914
-40.599189	1.106965
-40.574184	1.113049
-40.549179	1.119167
-40.524174	1.125319
-40.499169	1.131585
-40.474164	1.137911
-40.449159	1.144238
-40.424154	1.150565
-40.399149	1.156893
-40.374144	1.163222
-40.349139	1.169551
-40.324134	1.175881
-40.299129	1.182212
-40.274124	1.188592
-40.249119	1.195054
-40.224114	1.201600
-40.199108	1.208229
-40.174103	1.214942
-40.149098	1.221994
-40.124093	1.229444
-40.099088	1.236944
-40.074083	1.244493
-40.049078	1.252092
-40.024073	1.259741
-39.999068	1.267439
-39.974063	1.275187
-39.949058	1.282984
-39.924053	1.290578
-39.899048	1.298119
-39.874043	1.305626
-39.849038	1.313100
-39.824033	1.320540
-39.799028	1.327947
-39.774023	1.335392
-39.749018	1.342921
-39.724013	1.350532
-39.699008	1.358226
-39.674003	1.366004
-39.648998	1.373864
-39.623993	1.381807
-39.598988	1.389833
-39.573983	1.398012
-39.548977	1.406212
-39.523972	1.414412
-39.498967	1.422611
-39.473962	1.430808
-39.448957	1.439037
-39.423952	1.447640
-39.398947	1.456293
-39.373942	1.464998
-39.348937	1.473753
-39.323932	1.482560
-39.298927	1.491417
-39.273922	1.500326
-39.248917	1.509286
-39.223912	1.518272
-39.198907	1.527271
-39.173902	1.536286
-39.148897	1.545318
-39.123892	1.554366
-39.098887	1.563432
-39.073882	1.572823
-39.048877	1.582292
-39.023872	1.591810
-38.998867	1.601378
-38.973862	1.610995
-38.948857	1.620662
-38.923852	1.630377
-38.898846	1.640142
-38.873841	1.650099
-38.848836	1.660198
-38.823831	1.670347
-38.798826	1.680545
-38.773821	1.690792
-38.748816	1.701089
-38.723811	1.711355
-38.698806	1.721615
-38.673801	1.731891
-38.648796	1.742184
-38.623791	1.752494
-38.598786	1.762821
-38.573781	1.773164
-38.548776	1.783525
-38.523771	1.793865
-38.498766	1.804172
-38.473761	1.814478
-38.448756	1.824784
-38.423751	1.835089
-38.398746	1.845393
-38.373741	1.855858
-38.348736	1.866486
-38.323731	1.877164
-38.298726	1.887892
-38.273721	1.898671
-38.248715	1.909499
-38.223710	1.920377
-38.198705	1.931305
-38.173700	1.942406
-38.148695	1.953759
-38.123690	1.965177
-38.098685	1.976660
-38.073680	1.988209
-38.048675	1.999823
-38.023670	2.011467
-37.998665	2.023051
-37.973660	2.034602
-37.948655	2.046117
-37.923650	2.057599
-37.898645	2.069046
-37.873640	2.080460
-37.848635	2.091839
-37.823630	2.103135
-37.798625	2.114344
-37.773620	2.125620
-37.748615	2.136963
-37.723610	2.148374
-37.698605	2.159851
-37.673600	2.171464
-37.648595	2.183376
-37.623590	2.195337
-37.598584	2.207348
-37.573579	2.219408
-37.548574	2.231517
-37.523569	2.243676
-37.498564	2.255884
-37.473559	2.268174
-37.448554	2.280672
-37.423549	2.293236
-37.398544	2.305866
-37.373539	2.318562
-37.348534	2.331323
-37.323529	2.344168
-37.298524	2.357400
-37.273519	2.370632
-37.248514	2.383864
-37.223509	2.397097
-37.198504	2.410330
-37.173499	2.423564
-37.148494	2.436798
-37.123489	2.450019
-37.098484	2.463095
-37.073479	2.476189
-37.048474	2.489301
-37.023469	2.502430
-36.998464	2.515578
-36.973459	2.528743
-36.948454	2.541667
-36.923448	2.554587
-36.898443	2.567541
-36.873438	2.580529
-36.848433	2.593551
-36.823428	2.606607
-36.798423	2.619696
-36.773418	2.632820
-36.748413	2.646327
-36.723408	2.659958
-36.698403	2.673705
-36.673398	2.687567
-36.648393	2.701544
-36.623388	2.715637
-36.598383	2.730299
-36.573378	2.745174
-36.548373	2.760049
-36.523368	2.774924
-36.498363	2.789798
-36.473358	2.804673
-36.448353	2.819548
-36.423348	2.834423
-36.398343	2.848995
-36.373338	2.863520
-36.348333	2.878045
-36.323328	2.892571
-36.298323	2.907096
-36.273317	2.921621
-36.248312	2.936512
-36.223307	2.951783
-36.198302	2.967121
-36.173297	2.982526
-36.148292	2.997999
-36.123287	3.013538
-36.098282	3.029145
-36.073277	3.044818
-36.048272	3.060576
-36.023267	3.076434
-35.998262	3.092392
-35.973257	3.108451
-35.948252	3.124609
-35.923247	3.140867
-35.898242	3.157101
-35.873237	3.173160
-35.848232	3.189250
-35.823227	3.205373
-35.798222	3.221527
-35.773217	3.237714
-35.748212	3.253932
-35.723207	3.270182
-35.698202	3.286253
-35.673197	3.302204
-35.648192	3.318139
-35.623186	3.334060
-35.598181	3.349964
-35.573176	3.365853
-35.548171	3.381716
-35.523166	3.397562
-35.498161	3.413475
-35.473156	3.429455
-35.448151	3.445503
-35.423146	3.461617
-35.398141	3.477799
-35.373136	3.494047
-35.348131	3.510462
-35.323126	3.527036
-35.298121	3.543692
-35.273116	3.560430
-35.248111	3.577249
-35.223106	3.594150
-35.198101	3.611132
-35.173096	3.628177
-35.148091	3.645272
-35.123086	3.662416
-35.098081	3.679610
-35.073076	3.696854
-35.048071	3.714148
-35.023066	3.731491
-34.998061	3.748886
-34.973055	3.766333
-34.948050	3.783829
-34.923045	3.801376
-34.898040	3.818973
-34.873035	3.836620
-34.848030	3.854316
-34.823025	3.872012
-34.798020	3.889702
-34.773015	3.907391
-34.748010	3.925079
-34.723005	3.942767
-34.698000	3.960454
-34.672995	3.978140
-34.647990	3.995876
-34.622985	4.013756
-34.597980	4.031705
-34.572975	4.049721
-34.547970	4.067804
-34.522965	4.085955
-34.497960	4.104173
-34.472955	4.123006
-34.447950	4.142240
-34.422945	4.161607
-34.397940	4.181105
-34.372935	4.200736
-34.347930	4.220500
-34.322924	4.240395
-34.297919	4.260411
-34.272914	4.280438
-34.247909	4.300465
-34.222904	4.320492
-34.197899	4.340518
-34.172894	4.360544
-34.147889	4.380570
-34.122884	4.400221
-34.097879	4.419492
-34.072874	4.438783
-34.047869	4.458091
-34.022864	4.477417
-33.997859	4.496762
-33.972854	4.516124
-33.947849	4.535468
-33.922844	4.554558
-33.897839	4.573648
-33.872834	4.592738
-33.847829	4.611828
-33.822824	4.630918
-33.797819	4.650008
-33.772814	4.669138
-33.747809	4.688422
-33.722804	4.707805
-33.697799	4.727288
-33.672793	4.746871
-33.647788	4.766553
-33.622783	4.786335
-33.597778	4.806227
-33.572773	4.826730
-33.547768	4.847315
-33.522763	4.867982
-33.497758	4.888729
-33.472753	4.909559
-33.447748	4.930470
-33.422743	4.951461
-33.397738	4.972453
-33.372733	4.993395
-33.347728	5.014286
-33.322723	5.035128
-33.297718	5.055919
-33.272713	5.076661
-33.247708	5.097352
-33.222703	5.117383
-33.197698	5.137370
-33.172693	5.157374
-33.147688	5.177395
-33.122683	5.197434
-33.097678	5.217489
-33.072673	5.237562
-33.047668	5.257469
-33.022663	5.277454
-32.997657	5.297523
-32.972652	5.317675
-32.947647	5.337912
-32.922642	5.358232
-32.897637	5.378637
-32.872632	5.399203
-32.847627	5.419840
-32.822622	5.440523
-32.797617	5.461254
-32.772612	5.482032
-32.747607	5.502857
-32.722602	5.523730
-32.697597	5.545481
-32.672592	5.567495
-32.647587	5.589560
-32.622582	5.611674
-32.597577	5.633840
-32.572572	5.656055
-32.547567	5.678321
-32.522562	5.700669
-32.497557	5.723037
-32.472552	5.745406
-32.447547	5.767774
-32.422542	5.790141
-32.397537	5.812508
-32.372532	5.834875
-32.347526	5.856654
-32.322521	5.878049
-32.297516	5.899412
-32.272511	5.920744
-32.247506	5.942043
-32.222501	5.963311
-32.197496	5.984547
-32.172491	6.005773
-32.147486	6.027086
-32.122481	6.048498
-32.097476	6.070008
-32.072471	6.091616
-32.047466	6.113322
-32.022461	6.135127
-31.997456	6.157030
-31.972451	6.179007
-31.947446	6.201050
-31.922441	6.223159
-31.897436	6.245334
-31.872431	6.267575
-31.847426	6.289882
-31.822421	6.312339
-31.797416	6.334912
-31.772411	6.357501
-31.747406	6.380107
-31.722401	6.402728
-31.697395	6.425365
-31.672390	6.448019
-31.647385	6.470992
-31.622380	6.494767
-31.597375	6.518541
-31.572370	6.542315
-31.547365	6.566087
-31.522360	6.589859
-31.497355	6.613631
-31.472350	6.637472
-31.447345	6.661415
-31.422340	6.685343
-31.397335	6.709256
-31.372330	6.733154
-31.347325	6.757036
-31.322320	6.780904
-31.297315	6.804694
-31.272310	6.828043
-31.247305	6.851592
-31.222300	6.875339
-31.197295	6.899286
-31.172290	6.923431
-31.147285	6.947776
-31.122280	6.972463
-31.097275	6.997623
-31.072270	7.022830
-31.047264	7.048086
-31.022259	7.073388
-30.997254	7.098739
-30.972249	7.124137
-30.947244	7.149583
-30.922239	7.173715
-30.897234	7.197780
-30.872229	7.221880
-30.847224	7.246015
-30.822219	7.270185
-30.797214	7.294389
-30.772209	7.318558
-30.747204	7.342413
-30.722199	7.366285
-30.697194	7.390174
-30.672189	7.414081
-30.647184	7.438004
-30.622179	7.461945
-30.597174	7.485903
-30.572169	7.509754
-30.547164	7.533524
-30.522159	7.557245
-30.497154	7.580917
-30.472149	7.604540
-30.447144	7.628114
-30.422139	7.651632
-30.397133	7.675156
-30.372128	7.698913
-30.347123	7.722902
-30.322118	7.747124
-30.297113	7.771579
-30.272108	7.796266
-30.247103	7.821186
-30.222098	7.846232
-30.197093	7.871328
-30.172088	7.896521
-30.147083	7.921813
-30.122078	7.947203
-30.097073	7.972690
-30.072068	7.998276
-30.047063	8.024156
-30.022058	8.050045
-29.997053	8.075935
-29.972048	8.101825
-29.947043	8.127714
-29.922038	8.153604
-29.897033	8.179493
-29.872028	8.205925
-29.847023	8.233184
-29.822018	8.260510
-29.797013	8.287905
-29.772008	8.315367
-29.747003	8.342897
-29.721997	8.370494
-29.696992	8.398164
-29.671987	8.425871
-29.646982	8.453611
-29.621977	8.481383
-29.596972	8.509190
-29.571967	8.537029
-29.546962	8.564902
-29.521957	8.592900
-29.496952	8.621384
-29.471947	8.650150
-29.446942	8.679199
-29.421937	8.708531
-29.396932	8.738145
-29.371927	8.768042
-29.346922	8.800215
-29.321917	8.833491
-29.296912	8.867230
-29.271907	8.901434
-29.246902	8.936101
-29.221897	8.971233
-29.196892	9.006828
-29.171887	9.042976
-29.146882	9.080923
-29.121877	9.119419
-29.096872	9.158464
-29.071866	9.198057
-29.046861	9.238198
-29.021856	9.278889
-28.996851	9.330850
-28.971846	9.391502
-28.946841	9.455430
-28.921836	9.522636
-28.896831	9.593118
-28.871826	9.666878
-28.846821	9.743914
-28.821816	9.824228
-28.796811	9.917452
-28.771806	10.016755
-28.746801	10.121050
-28.721796	10.230338
-28.696791	10.344619
-28.671786	10.463891
-28.646781	10.601090
-28.621776	10.755082
-28.596771	10.915057
-28.571766	11.081014
-28.546761	11.252954
-28.521756	11.430877
-28.496751	11.614782
-28.471746	11.804671
-28.446741	12.014923
-28.421735	12.236271
-28.396730	12.462971
-28.371725	12.695023
-28.346720	12.932427
-28.321715	13.175184
-28.296710	13.423199
-28.271705	13.673479
-28.246700	13.924973
-28.221695	14.177683
-28.196690	14.431607
-28.171685	14.686746
-28.146680	14.943100
-28.121675	15.200669
-28.096670	15.457228
-28.071665	15.712084
-28.046660	15.966786
-28.021655	16.221334
-27.996650	16.475728
-27.971645	16.729968
-27.946640	16.979902
-27.921635	17.220672
-27.896630	17.460515
-27.871625	17.699430
-27.846620	17.937418
-27.821615	18.174479
-27.796610	18.410613
-27.771604	18.645819
-27.746599	18.876656
-27.721594	19.101002
-27.696589	19.324805
-27.671584	19.548063
-27.646579	19.770777
-27.621574	19.992947
-27.596569	20.213133
-27.571564	20.428097
-27.546559	20.643096
-27.521554	20.858130
-27.496549	21.073198
-27.471544	21.288301
-27.446539	21.503439
-27.421534	21.718611
-27.396529	21.933117
-27.371524	22.144632
-27.346519	22.355861
-27.321514	22.566804
-27.296509	22.777460
-27.271504	22.987830
-27.246499	23.197215
-27.221494	23.400775
-27.196489	23.603573
-27.171484	23.805609
-27.146479	24.006883
-27.121473	24.207396
-27.096468	24.407147
-27.071463	24.606136
-27.046458	24.804276
-27.021453	24.998512
-26.996448	25.192455
-26.971443	25.386104
-26.946438	25.579461
-26.921433	25.772524
-26.896428	25.965283
-26.871423	26.157011
-26.846418	26.349123
-26.821413	26.541619
-26.796408	26.734501
-26.771403	26.927766
-26.746398	27.121416
-26.721393	27.315450
-26.696388	27.509869
-26.671383	27.709321
-26.646378	27.910843
-26.621373	28.113697
-26.596368	28.317883
-26.571363	28.523401
-26.546358	28.730251
-26.521353	28.953470
-26.496348	29.181777
-26.471343	29.413712
-26.446337	29.649275
-26.421332	29.888467
-26.396327	30.131286
-26.371322	30.377734
-26.346317	30.627810
-26.321312	30.909665
-26.296307	31.212077
-26.271302	31.522419
-26.246297	31.840693
-26.221292	32.166896
-26.196287	32.501031
-26.171282	32.908855
-26.146277	33.348223
-26.121272	33.803481
-26.096267	34.274629
-26.071262	34.761668
-26.046257	35.264598
-26.021252	35.783417
-25.996247	36.318127
-25.971242	36.946135
-25.946237	37.673530
-25.921232	38.427228
-25.896227	39.207229
-25.871222	40.013532
-25.846217	40.846137
-25.821212	41.859130
-25.796206	42.976372
-25.771201	44.131818
-25.746196	45.325467
-25.721191	46.557320
-25.696186	47.827376
-25.671181	49.135635
-25.646176	50.482099
-25.621171	51.959736
-25.596166	53.666099
-25.571161	55.416573
-25.546156	57.211155
-25.521151	59.049847
-25.496146	60.932649
-25.471141	63.021611
-25.446136	65.261155
-25.421131	67.536239
-25.396126	69.846863
-25.371121	72.193027
-25.346116	74.574732
-25.321111	76.991977
-25.296106	79.444763
-25.271101	81.955101
-25.246096	84.604179
-25.221091	87.266578
-25.196086	89.942301
-25.171081	92.631345
-25.146075	95.333712
-25.121070	98.041425
-25.096065	100.732344
-25.071060	103.407490
-25.046055	106.066863
-25.021050	108.710463
-24.996045	111.338290
-24.971040	113.950344
-24.946035	116.546624
-24.921030	119.127131
-24.896025	121.458285
-24.871020	123.746943
-24.846015	125.996196
-24.821010	128.206045
-24.796005	130.376491
-24.771000	132.384349
-24.745995	134.142606
-24.720990	135.851510
-24.695985	137.511062
-24.670980	139.121262
-24.645975	140.682110
-24.620970	142.193605
-24.595965	143.655748
-24.570960	145.068538
-24.545955	146.170306
-24.520950	147.169394
-24.495944	148.126652
-24.470939	149.042079
-24.445934	149.915675
-24.420929	150.679822
-24.395924	151.232824
-24.370919	151.762943
-24.345914	152.270179
-24.320909	152.754532
-24.295904	153.216001
-24.270899	153.654587
-24.245894	154.070290
-24.220889	154.463110
-24.195884	154.770675
-24.170879	155.031510
-24.145874	155.283176
-24.120869	155.525673
-24.095864	155.759001
-24.070859	155.974167
-24.045854	156.137965
-24.020849	156.297745
-23.995844	156.453507
-23.970839	156.605251
-23.945834	156.752977
-23.920829	156.896685
-23.895824	157.036374
-23.870819	157.172046
-23.845813	157.291607
-23.820808	157.394271
-23.795803	157.494190
-23.770798	157.591364
-23.745793	157.685793
-23.720788	157.776375
-23.695783	157.847816
-23.670778	157.917974
-23.645773	157.986847
-23.620768	158.054436
-23.595763	158.120741
-23.570758	158.185763
-23.545753	158.249500
-23.520748	158.311953
-23.495743	158.369996
-23.470738	158.419759
-23.445733	158.469047
-23.420728	158.517860
-23.395723	158.566198
-23.370718	158.614062
-23.345713	158.659584
-23.320708	158.706003
-23.295703	158.753441
-23.270698	158.801899
-23.245693	158.851375
-23.220688	158.901871
-23.195682	158.953386
-23.170677	159.005920
-23.145672	159.060038
-23.120667	159.118824
-23.095662	159.177782
-23.070657	159.236913
-23.045652	159.296216
-23.020647	159.355691
-22.995642	159.413030
-22.970637	159.469433
-22.945632	159.525255
-22.920627	159.580497
-22.895622	159.635156
-22.870617	159.689235
-22.845612	159.742733
-22.820607	159.795649
-22.795602	159.847985
-22.770597	159.891372
-22.745592	159.933540
-22.720587	159.974949
-22.695582	160.015600
-22.670577	160.055492
-22.645572	160.089698
-22.620567	160.121489
-22.595562	160.152572
-22.570557	160.182949
-22.545552	160.212619
-22.520546	160.241582
-22.495541	160.269838
-22.470536	160.297387
-22.445531	160.324229
-22.420526	160.348963
-22.395521	160.373010
-22.370516	160.396832
-22.345511	160.420429
-22.320506	160.443801
-22.295501	160.466551
-22.270496	160.489590
-22.245491	160.513307
-22.220486	160.537703
-22.195481	160.562779
-22.170476	160.588533
-22.145471	160.614965
-22.120466	160.642077
-22.095461	160.669868
-22.070456	160.699437
-22.045451	160.730274
-22.020446	160.761614
-21.995441	160.793457
-21.970436	160.825802
-21.945431	160.858480
-21.920426	160.890932
-21.895421	160.923132
-21.870415	160.955079
-21.845410	160.986772
-21.820405	161.018212
-21.795400	161.049399
-21.770395	161.080333
-21.745390	161.111014
-21.720385	161.138431
-21.695380	161.161398
-21.670375	161.183869
-21.645370	161.205846
-21.620365	161.227327
-21.595360	161.245784
-21.570355	161.260260
-21.545350	161.274127
-21.520345	161.287385
-21.495340	161.300033
-21.470335	161.312071
-21.445330	161.323500
-21.420325	161.334319
-21.395320	161.344528
-21.370315	161.353375
-21.345310	161.359524
-21.320305	161.365247
-21.295300	161.370545
-21.270295	161.375417
-21.245290	161.378618
-21.220284	161.378920
-21.195279	161.379046
-21.170274	161.378997
-21.145269	161.378772
-21.120264	161.378372
-21.095259	161.377796
-21.070254	161.377044
-21.045249	161.376117
-21.020244	161.375215
-20.995239	161.376865
-20.970234	161.379209
-20.945229	161.382247
-20.920224	161.385981
-20.895219	161.391535
-20.870214	161.401971
-20.845209	161.413224
-20.820204	161.425295
-20.795199	161.438183
-20.770194	161.451889
-20.745189	161.466412
-20.720184	161.481752
-20.695179	161.497910
-20.670174	161.514885
-20.645169	161.536101
-20.620164	161.557474
-20.595159	161.578611
-20.570153	161.599511
-20.545148	161.620045
-20.520143	161.639104
-20.495138	161.657603
-20.470133	161.675541
-20.445128	161.692918
-20.420123	161.709735
-20.395118	161.725990
-20.370113	161.741686
-20.345108	161.756821
-20.320103	161.771395
-20.295098	161.781448
-20.270093	161.789572
-20.245088	161.797199
-20.220083	161.804331
-20.195078	161.810954
-20.170073	161.813639
-20.145068	161.815732
-20.120063	161.817234
-20.095058	161.818144
-20.070053	161.818462
-20.045048	161.818190
-20.020043	161.817325
-19.995038	161.815870
-19.970033	161.813822
-19.945028	161.807409
-19.920022	161.797724
-19.895017	161.787780
-19.870012	161.777577
-19.845007	161.767115
-19.820002	161.753812
-19.794997	161.740441
-19.769992	161.727320
-19.744987	161.714449
-19.719982	161.701829
-19.694977	161.689459
-19.669972	161.677340
-19.644967	161.665471
-19.619962	161.653853
-19.594957	161.644103
-19.569952	161.637495
-19.544947	161.631640
-19.519942	161.626539
-19.494937	161.622192
-19.469932	161.620013
-19.444927	161.618395
-19.419922	161.616903
-19.394917	161.615537
-19.369912	161.614296
-19.344907	161.613180
-19.319902	161.612190
-19.294897	161.611326
-19.269892	161.610587
-19.244886	161.609184
-19.219881	161.604692
-19.194876	161.599752
-19.169871	161.594365
-19.144866	161.588531
-19.119861	161.579187
-19.094856	161.568070
-19.069851	161.556590
-19.044846	161.544747
-19.019841	161.532541
-18.994836	161.519972
-18.969831	161.507041
-18.944826	161.493746
-18.919821	161.480088
-18.894816	161.466225
-18.869811	161.455615
-18.844806	161.444842
-18.819801	161.433905
-18.794796	161.422806
-18.769791	161.410900
-18.744786	161.398303
-18.719781	161.385461
-18.694776	161.372376
-18.669771	161.359047
-18.644766	161.345473
-18.619761	161.331656
-18.594755	161.317594
-18.569750	161.303289
-18.544745	161.288739
-18.519740	161.283810
-18.494735	161.280366
-18.469730	161.276946
-18.444725	161.273548
-18.419720	161.275416
-18.394715	161.283442
-18.369710	161.291962
-18.344705	161.300977
-18.319700	161.310485
-18.294695	161.320487
-18.269690	161.330984
-18.244685	161.341975
-18.219680	161.353460
-18.194675	161.365439
-18.169670	161.382007
-18.144665	161.400906
-18.119660	161.420359
-18.094655	161.440367
-18.069650	161.464545
-18.044645	161.494767
-18.019640	161.524558
-17.994635	161.553915
-17.969630	161.582841
-17.944624	161.611334
-17.919619	161.639394
-17.894614	161.667022
-17.869609	161.694218
-17.844604	161.720981
-17.819599	161.746163
-17.794594	161.769476
-17.769589	161.791845
-17.744584	161.813270
-17.719579	161.832587
-17.694574	161.847729
-17.669569	161.861945
-17.644564	161.875236
-17.619559	161.887603
-17.594554	161.899045
-17.569549	161.909562
-17.544544	161.919154
-17.519539	161.927821
-17.494534	161.935564
-17.469529	161.941721
-17.444524	161.945816
-17.419519	161.949115
-17.394514	161.951620
-17.369509	161.952948
-17.344504	161.951336
-17.319499	161.948735
-17.294493	161.945145
-17.269488	161.940565
-17.244483	161.934996
-17.219478	161.928438
-17.194473	161.920890
-17.169468	161.912353
-17.144463	161.902827
-17.119458	161.891783
-17.094453	161.877387
-17.069448	161.862168
-17.044443	161.846125
-17.019438	161.829193
-16.994433	161.810442
-16.969428	161.791215
-16.944423	161.771513
-16.919418	161.751336
-16.894413	161.730683
-16.869408	161.709555
-16.844403	161.687951
-16.819398	161.665873
-16.794393	161.643318
-16.769388	161.620305
-16.744383	161.601668
-16.719378	161.583537
-16.694373	161.565912
-16.669368	161.548794
-16.644362	161.536470
-16.619357	161.524347
-16.594352	161.512171
-16.569347	161.499941
-16.544342	161.487658
-16.519337	161.475322
-16.494332	161.462932
-16.469327	161.450488
-16.444322	161.437992
-16.419317	161.425442
-16.394312	161.412334
-16.369307	161.398938
-16.344302	161.385343
-16.319297	161.371549
-16.294292	161.358337
-16.269287	161.345165
-16.244282	161.331896
-16.219277	161.318529
-16.194272	161.305065
-16.169267	161.291503
-16.144262	161.277843
-16.119257	161.264085
-16.094252	161.250230
-16.069247	161.236277
-16.044242	161.220641
-16.019237	161.204120
-15.994232	161.187552
-15.969226	161.170935
-15.944221	161.154832
-15.919216	161.139212
-15.894211	161.123924
-15.869206	161.108968
-15.844201	161.094345
-15.819196	161.080055
-15.794191	161.066096
-15.769186	161.052470
-15.744181	161.039177
-15.719176	161.026215
-15.694171	161.011967
-15.669166	160.996314
-15.644161	160.980977
-15.619156	160.965956
-15.594151	160.949195
-15.569146	160.931585
-15.544141	160.914342
-15.519136	160.897468
-15.494131	160.880961
-15.469126	160.864823
-15.444121	160.849052
-15.419116	160.833650
-15.394111	160.818615
-15.369106	160.803948
-15.344101	160.788699
-15.319095	160.771863
-15.294090	160.755627
-15.269085	160.739991
-15.244080	160.725010
-15.219075	160.711327
-15.194070	160.699094
-15.169065	160.688312
-15.144060	160.678980
-15.119055	160.671099
-15.094050	160.664668
-15.069045	160.659688
-15.044040	160.656159
-15.019035	160.654080
-14.994030	160.653740
-14.969025	160.656384
-14.944020	160.660017
-14.919015	160.664637
-14.894010	160.670370
-14.869005	160.677054
-14.844000	160.684430
-14.818995	160.692500
-14.793990	160.701261
-14.768985	160.710716
-14.743980	160.720863
-14.718975	160.731702
-14.693970	160.743234
-14.668964	160.755459
-14.643959	160.768376
-14.618954	160.777382
-14.593949	160.786215
-14.568944	160.795032
-14.543939	160.802824
-14.518934	160.808457
-14.493929	160.814171
-14.468924	160.819969
-14.443919	160.825848
-14.418914	160.831809
-14.393909	160.837853
-14.368904	160.843979
-14.343899	160.850188
-14.318894	160.856478
-14.293889	160.862851
-14.268884	160.860217
-14.243879	160.854712
-14.218874	160.848660
-14.193869	160.839778
-14.168864	160.821833
-14.143859	160.803707
-14.118854	160.785400
-14.093849	160.766912
-14.068844	160.748243
-14.043839	160.729393
-14.018833	160.710363
-13.993828	160.691151
-13.968823	160.671759
-13.943818	160.652185
-13.918813	160.628925
-13.893808	160.603375
-13.868803	160.577712
-13.843798	160.551102
-13.818793	160.517271
-13.793788	160.483773
-13.768783	160.450608
-13.743778	160.417774
-13.718773	160.385274
-13.693768	160.353105
-13.668763	160.321269
-13.643758	160.289765
-13.618753	160.258593
-13.593748	160.227754
-13.568743	160.196491
-13.543738	160.164668
-13.518733	160.133249
-13.493728	160.102232
-13.468723	160.071860
-13.443718	160.042822
-13.418713	160.015117
-13.393708	159.988747
-13.368702	159.963710
-13.343697	159.940008
-13.318692	159.917640
-13.293687	159.896606
-13.268682	159.876906
-13.243677	159.858540
-13.218672	159.842355
-13.193667	159.829633
-13.168662	159.818032
-13.143657	159.807550
-13.118652	159.799982
-13.093647	159.793413
-13.068642	159.787602
-13.043637	159.782549
-13.018632	159.778254
-12.993627	159.774717
-12.968622	159.771938
-12.943617	159.769917
-12.918612	159.768654
-12.893607	159.768149
-12.868602	159.768353
-12.843597	159.768718
-12.818592	159.769579
-12.793587	159.770936
-12.768582	159.771881
-12.743577	159.773027
-12.718571	159.774619
-12.693566	159.776656
-12.668561	159.779139
-12.643556	159.782067
-12.618551	159.785441
-12.593546	159.789260
-12.568541	159.793525
-12.543536	159.798235
-12.518531	159.803391
-12.493526	159.804160
-12.468521	159.804766
-12.443516	159.805587
-12.418511	159.805432
-12.393506	159.805080
-12.368501	159.805123
-12.343496	159.805563
-12.318491	159.806398
-12.293486	159.807629
-12.268481	159.809255
-12.243476	159.811278
-12.218471	159.813696
-12.193466	159.816510
-12.168461	159.819720
-12.143456	159.815451
-12.118451	159.808385
-12.093446	159.801022
-12.068441	159.787415
-12.043435	159.769452
-12.018430	159.751655
-11.993425	159.734024
-11.968420	159.716560
-11.943415	159.699263
-11.918410	159.682132
-11.893405	159.665167
-11.868400	159.648369
-11.843395	159.631738
-11.818390	159.615273
-11.793385	159.595393
-11.768380	159.572874
-11.743375	159.550257
-11.718370	159.523225
-11.693365	159.491526
-11.668360	159.460195
-11.643355	159.429231
-11.618350	159.398635
-11.593345	159.368407
-11.568340	159.338546
-11.543335	159.309053
-11.518330	159.279927
-11.493325	159.251169
-11.468320	159.222779
-11.443315	159.194582
-11.418310	159.166671
-11.393304	159.139375
-11.368299	159.112967
-11.343294	159.088049
-11.318289	159.064318
-11.293284	159.041775
-11.268279	159.020419
-11.243274	159.000251
-11.218269	158.981269
-11.193264	158.963476
-11.168259	158.946869
-11.143254	158.931450
-11.118249	158.917218
-11.093244	158.904870
-11.068239	158.895907
-11.043234	158.887983
-11.018229	158.881610
-10.993224	158.877579
-10.968219	158.874307
-10.943214	158.871793
-10.918209	158.870038
-10.893204	158.869041
-10.868199	158.868802
-10.843194	158.869322
-10.818189	158.870600
-10.793184	158.872636
-10.768179	158.875431
-10.743173	158.878858
-10.718168	158.880988
-10.693163	158.883713
-10.668158	158.886813
-10.643153	158.889248
-10.618148	158.892244
-10.593143	158.895801
-10.568138	158.899919
-10.543133	158.904598
-10.518128	158.909838
-10.493123	158.915639
-10.468118	158.922001
-10.443113	158.928924
-10.418108	158.936407
-10.393103	158.944452
-10.368098	158.949323
-10.343093	158.953953
-10.318088	158.958708
-10.293083	158.961795
-10.268078	158.965162
-10.243073	158.968807
-10.218068	158.972732
-10.193063	158.976935
-10.168058	158.981417
-10.143053	158.986179
-10.118048	158.991219
-10.093042	158.996538
-10.068037	159.002136
-10.043032	159.008014
-10.018027	159.007584
-9.993022	159.004328
-9.968017	159.000807
-9.943012	158.987819
-9.918007	158.974118
-9.893002	158.960303
-9.867997	158.946372
-9.842992	158.932326
-9.817987	158.918165
-9.792982	158.903888
-9.767977	158.889497
-9.742972	158.874991
-9.717967	158.860369
-9.692962	158.845632
-9.667957	158.826316
-9.642952	158.803079
-9.617947	158.779710
-9.592942	158.748710
-9.567937	158.716704
-9.542932	158.685245
-9.517927	158.654331
-9.492922	158.623963
-9.467917	158.594141
-9.442911	158.564865
-9.417906	158.536135
-9.392901	158.507951
-9.367896	158.480313
-9.342891	158.453220
-9.317886	158.426347
-9.292881	158.399435
-9.267876	158.373037
-9.242871	158.346034
-9.217866	158.319057
-9.192861	158.292512
-9.167856	158.266397
-9.142851	158.240715
-9.117846	158.215463
-9.092841	158.190643
-9.067836	158.166254
-9.042831	158.142297
-9.017826	158.118771
-8.992821	158.095677
-8.967816	158.072568
-8.942811	158.047917
-8.917806	158.023485
-8.892801	157.998010
-8.867796	157.972496
-8.842791	157.947824
-8.817786	157.923994
-8.792781	157.901006
-8.767775	157.878861
-8.742770	157.857558
-8.717765	157.837098
-8.692760	157.817479
-8.667755	157.798703
-8.642750	157.780770
-8.617745	157.763681
-8.592740	157.747609
-8.567735	157.732445
-8.542730	157.718423
-8.517725	157.705353
-8.492720	157.692961
-8.467715	157.681246
-8.442710	157.670209
-8.417705	157.659849
-8.392700	157.650166
-8.367695	157.641161
-8.342690	157.632833
-8.317685	157.625183
-8.292680	157.618210
-8.267675	157.611915
-8.242670	157.607094
-8.217665	157.602802
-8.192660	157.597970
-8.167655	157.592058
-8.142650	157.586292
-8.117644	157.580673
-8.092639	157.575202
-8.067634	157.569877
-8.042629	157.564700
-8.017624	157.559669
-7.992619	157.554786
-7.967614	157.550050
-7.942609	157.545460
-7.917604	157.541018
-7.892599	157.536789
-7.867594	157.532408
-7.842589	157.527441
-7.817584	157.521493
-7.792579	157.515346
-7.767574	157.509000
-7.742569	157.502455
-7.717564	157.495710
-7.692559	157.488767
-7.667554	157.481624
-7.642549	157.474283
-7.617544	157.466742
-7.592539	157.459002
-7.567534	157.451064
-7.542529	157.442885
-7.517524	157.434444
-7.492519	157.425849
-7.467513	157.417400
-7.442508	157.408834
-7.417503	157.400153
-7.392498	157.391356
-7.367493	157.382443
-7.342488	157.373415
-7.317483	157.364270
-7.292478	157.355010
-7.267473	157.345634
-7.242468	157.336142
-7.217463	157.326534
-7.192458	157.316607
-7.167453	157.306171
-7.142448	157.295633
-7.117443	157.284852
-7.092438	157.274021
-7.067433	157.263140
-7.042428	157.252208
-7.017423	157.241227
-6.992418	157.230196
-6.967413	157.219115
-6.942408	157.207983
-6.917403	157.196802
-6.892398	157.185571
-6.867393	157.174289
-6.842388	157.162987
-6.817382	157.151821
-6.792377	157.140655
-6.767372	157.129782
-6.742367	157.118879
-6.717362	157.107943
-6.692357	157.096973
-6.667352	157.085969
-6.642347	157.074932
-6.617342	157.063862
-6.592337	157.052758
-6.567332	157.041620
-6.542327	157.030449
-6.517322	157.019244
-6.492317	157.008006
-6.467312	156.997488
-6.442307	156.987033
-6.417302	156.977649
-6.392297	156.968513
-6.367292	156.959493
-6.342287	156.950588
-6.317282	156.941799
-6.292277	156.933126
-6.267272	156.924569
-6.242267	156.916128
-6.217262	156.907803
-6.192257	156.899593
-6.167251	156.891499
-6.142246	156.883521
-6.117241	156.874689
-6.092236	156.865608
-6.067231	156.856945
-6.042226	156.848452
-6.017221	156.840009
-5.992216	156.831615
-5.967211	156.823271
-5.942206	156.814977
-5.917201	156.806733
-5.892196	156.798538
-5.867191	156.790393
-5.842186	156.782297
-5.817181	156.774252
-5.792176	156.766256
-5.767171	156.751935
-5.742166	156.733730
-5.717161	156.710558
-5.692156	156.684930
-5.667151	156.659155
-5.642146	156.633233
-5.617141	156.607163
-5.592136	156.580946
-5.567131	156.554581
-5.542126	156.528070
-5.517121	156.501411
-5.492115	156.474604
-5.467110	156.447650
-5.442105	156.420549
-5.417100	156.389286
-5.392095	156.353157
-5.367090	156.311005
-5.342085	156.264514
-5.317080	156.218221
-5.292075	156.172127
-5.267070	156.126231
-5.242065	156.080534
-5.217060	156.035035
-5.192055	155.989734
-5.167050	155.944632
-5.142045	155.899728
-5.117040	155.855023
-5.092035	155.810516
-5.067030	155.766265
-5.042025	155.722578
-5.017020	155.679182
-4.992015	155.636274
-4.967010	155.594241
-4.942005	155.553081
-4.917000	155.512796
-4.891995	155.473385
-4.866990	155.434848
-4.841984	155.397185
-4.816979	155.360397
-4.791974	155.324482
-4.766969	155.289442
-4.741964	155.255276
-4.716959	155.221963
-4.691954	155.189246
-4.666949	155.157329
-4.641944	155.126230
-4.616939	155.095692
-4.591934	155.065715
-4.566929	155.036300
-4.541924	155.007447
-4.516919	154.979154
-4.491914	154.951423
-4.466909	154.924253
-4.441904	154.897644
-4.416899	154.871597
-4.391894	154.846111
-4.366889	154.821186
-4.341884	154.796530
-4.316879	154.772015
-4.291874	154.746996
-4.266869	154.722375
-4.241864	154.698149
-4.216859	154.674319
-4.191853	154.650886
-4.166848	154.627848
-4.141843	154.605207
-4.116838	154.582962
-4.091833	154.561113
-4.066828	154.539660
-4.041823	154.518603
-4.016818	154.497943
-3.991813	154.476016
-3.966808	154.453555
-3.941803	154.429385
-3.916798	154.405511
-3.891793	154.381934
-3.866788	154.358654
-3.841783	154.335670
-3.816778	154.312982
-3.791773	154.290591
-3.766768	154.268496
-3.741763	154.246697
-3.716758	154.225195
-3.691753	154.203989
-3.666748	154.183080
-3.641743	154.163646
-3.616738	154.145137
-3.591733	154.126685
-3.566728	154.108198
-3.541722	154.089677
-3.516717	154.071121
-3.491712	154.052531
-3.466707	154.033905
-3.441702	154.015246
-3.416697	153.996552
-3.391692	153.977823
-3.366687	153.959059
-3.341682	153.940261
-3.316677	153.921429
-3.291672	153.902545
-3.266667	153.883511
-3.241662	153.863882
-3.216657	153.844056
-3.191652	153.824065
-3.166647	153.803909
-3.141642	153.783588
-3.116637	153.763102
-3.091632	153.742450
-3.066627	153.721634
-3.041622	153.700652
-3.016617	153.679505
-2.991612	153.658192
-2.966607	153.636715
-2.941602	153.614981
-2.916597	153.592819
-2.891591	153.570246
-2.866586	153.547500
-2.841581	153.524639
-2.816576	153.501663
-2.791571	153.478572
-2.766566	153.455366
-2.741561	153.432044
-2.716556	153.408607
-2.691551	153.385055
-2.666546	153.361388
-2.641541	153.337606
-2.616536	153.313709
-2.591531	153.289725
-2.566526	153.265950
-2.541521	153.242310
-2.516516	153.218655
-2.491511	153.194885
-2.466506	153.171000
-2.441501	153.146998
-2.416496	153.122881
-2.391491	153.098647
-2.366486	153.074298
-2.341481	153.049833
-2.316476	153.025253
-2.291471	153.000556
-2.266466	152.975744
-2.241460	152.950815
-2.216455	152.925672
-2.191450	152.900260
-2.166445	152.874618
-2.141440	152.848795
-2.116435	152.822792
-2.091430	152.796607
-2.066425	152.770241
-2.041420	152.743695
-2.016415	152.716967
-1.991410	152.690059
-1.966405	152.662969
-1.941400	152.635699
-1.916395	152.608247
-1.891390	152.580615
-1.866385	152.553221
-1.841380	152.525922
-1.816375	152.498572
-1.791370	152.471057
-1.766365	152.443377
-1.741360	152.415532
-1.716355	152.387523
-1.691350	152.359349
-1.666345	152.331009
-1.641340	152.302505
-1.616335	152.273837
-1.591330	152.245003
-1.566324	152.216004
-1.541319	152.186841
-1.516314	152.159996
-1.491309	152.136028
-1.466304	152.113447
-1.441299	152.090649
-1.416294	152.067635
-1.391289	152.044403
-1.366284	152.020955
-1.341279	151.997290
-1.316274	151.973408
-1.291269	151.949309
-1.266264	151.924993
-1.241259	151.900460
-1.216254	151.875711
-1.191249	151.850744
-1.166244	151.827666
-1.141239	151.809239
-1.116234	151.794012
-1.091229	151.778536
-1.066224	151.762812
-1.041219	151.746839
-1.016214	151.730618
-0.991209	151.714149
-0.966204	151.697431
-0.941199	151.680464
-0.916193	151.663250
-0.891188	151.645787
-0.866183	151.628075
-0.841178	151.610115
-0.816173	151.592517
-0.791168	151.577798
-0.766163	151.566184
-0.741158	151.554272
-0.716153	151.542061
-0.691148	151.529552
-0.666143	151.516745
-0.641138	151.503639
-0.616133	151.490234
-0.591128	151.476531
-0.566123	151.462530
-0.541118	151.448230
-0.516113	151.433632
-0.491108	151.418735
-0.466103	151.403793
-0.441098	151.395408
-0.416093	151.391530
-0.391088	151.387653
-0.366083	151.383775
-0.341078	151.379897
-0.316073	151.376019
-0.291068	151.372141
-0.266062	151.368263
-0.241057	151.364385
-0.216052	151.360507
-0.191047	151.356630
-0.166042	151.352752
-0.141037	151.348874
-0.116032	151.344996
-0.091027	151.347798
-0.066022	151.359111
-0.041017	151.370420
-0.016012	151.381579
0.008993	151.392588
0.033998	151.403448
0.059003	151.414157
0.084008	151.424718
0.109013	151.435128
0.134018	151.445388
0.159023	151.455499
0.184028	151.465460
0.209033	151.475272
0.234038	151.484933
0.259043	151.496145
0.284048	151.511327
0.309053	151.526790
0.334058	151.542055
0.359063	151.557120
0.384069	151.571987
0.409074	151.586656
0.434079	151.601125
0.459084	151.615396
0.484089	151.629468
0.509094	151.643341
0.534099	151.657015
0.559104	151.670491
0.584109	151.683768
0.609114	151.699269
0.634119	151.719642
0.659124	151.740687
0.684129	151.761567
0.709134	151.782281
0.734139	151.802831
0.759144	151.823215
0.784149	151.843434
0.809154	151.863488
0.834159	151.883377
0.859164	151.903100
0.884169	151.922659
0.909174	151.942052
0.934179	151.961280
0.959184	151.981758
0.984189	152.007863
1.009194	152.035398
1.034200	152.062784
1.059205	152.090021
1.084210	152.117109
1.109215	152.144047
1.134220	152.170837
1.159225	152.197478
1.184230	152.223969
1.209235	152.250312
1.234240	152.276506
1.259245	152.302550
1.284250	152.328446
1.309255	152.354293
1.334260	152.381973
1.359265	152.410648
1.384270	152.439123
1.409275	152.467399
1.434280	152.495477
1.459285	152.523355
1.484290	152.551034
1.509295	152.578514
1.534300	152.605795
1.559305	152.632877
1.584310	152.659760
1.609315	152.686444
1.634320	152.712928
1.659325	152.739214
1.684330	152.765530
1.709336	152.791805
1.734341	152.817916
1.759346	152.843861
1.784351	152.869642
1.809356	152.895257
1.834361	152.920706
1.859366	152.945991
1.884371	152.971111
1.909376	152.996065
1.934381	153.020854
1.959386	153.045478
1.984391	153.069937
2.009396	153.094231
2.034401	153.118639
2.059406	153.143105
2.084411	153.167438
2.109416	153.191638
2.134421	153.215705
2.159426	153.239639
2.184431	153.263441
2.209436	153.287109
2.234441	153.310644
2.259446	153.334047
2.284451	153.357316
2.309456	153.380453
2.334461	153.403456
2.359467	153.426327
2.384472	153.449145
2.409477	153.472070
2.434482	153.494829
2.459487	153.517424
2.484492	153.539854
2.509497	153.562119
2.534502	153.584219
2.559507	153.606155
2.584512	153.627925
2.609517	153.649531
2.634522	153.670972
2.659527	153.692248
2.684532	153.713359
2.709537	153.734305
2.734542	153.755186
2.759547	153.775975
2.784552	153.796666
2.809557	153.817257
2.834562	153.837748
2.859567	153.858141
2.884572	153.878434
2.909577	153.898627
2.934582	153.918722
2.959587	153.938716
2.984592	153.958612
3.009598	153.978408
3.034603	153.998105
3.059608	154.017702
3.084613	154.036836
3.109618	154.055060
3.134623	154.073516
3.159628	154.092202
3.184633	154.111120
3.209638	154.130269
3.234643	154.149650
3.259648	154.169261
3.284653	154.189105
3.309658	154.209179
3.334663	154.229485
3.359668	154.250022
3.384673	154.270791
3.409678	154.291790
3.434683	154.312945
3.459688	154.334288
3.484693	154.355947
3.509698	154.377885
3.534703	154.400104
3.559708	154.422603
3.584713	154.445382
3.609718	154.468441
3.634723	154.491779
3.659729	154.515398
3.684734	154.539297
3.709739	154.563476
3.734744	154.587934
3.759749	154.612673
3.784754	154.637692
3.809759	154.659487
3.834764	154.681306
3.859769	154.703553
3.884774	154.726230
3.909779	154.749336
3.934784	154.772870
3.959789	154.796834
3.984794	154.821227
4.009799	154.846049
4.034804	154.871300
4.059809	154.896980
4.084814	154.923089
4.109819	154.949627
4.134824	154.976594
4.159829	155.003730
4.184834	155.031494
4.209839	155.060001
4.234844	155.089251
4.259849	155.119243
4.284854	155.149978
4.309860	155.181455
4.334865	155.213675
4.359870	155.246637
4.384875	155.280343
4.409880	155.314790
4.434885	155.349980
4.459890	155.385913
4.484895	155.422588
4.509900	155.461855
4.534905	155.503062
4.559910	155.545047
4.584915	155.587807
4.609920	155.631344
4.634925	155.675658
4.659930	155.720748
4.684935	155.766615
4.709940	155.813258
4.734945	155.860677
4.759950	155.908874
4.784955	155.957846
4.809960	156.007595
4.834965	156.058121
4.859970	156.102543
4.884975	156.139218
4.909980	156.175926
4.934985	156.212667
4.959990	156.249441
4.984996	156.286247
5.010001	156.323087
5.035006	156.359960
5.060011	156.396865
5.085016	156.433804
5.110021	156.470775
5.135026	156.507779
5.160031	156.544816
5.185036	156.581886
5.210041	156.611802
5.235046	156.627380
5.260051	156.642893
5.285056	156.658339
5.310061	156.673720
5.335066	156.689035
5.360071	156.704284
5.385076	156.719467
5.410081	156.734584
5.435086	156.749636
5.460091	156.764622
5.485096	156.779542
5.510101	156.794396
5.535106	156.809184
5.560111	156.821849
5.585116	156.828432
5.610121	156.835130
5.635127	156.841945
5.660132	156.848875
5.685137	156.855922
5.710142	156.863084
5.735147	156.870362
5.760152	156.877755
5.785157	156.885265
5.810162	156.892890
5.835167	156.900631
5.860172	156.908488
5.885177	156.916461
5.910182	156.924701
5.935187	156.934429
5.960192	156.944271
5.985197	156.954163
6.010202	156.964105
6.035207	156.974098
6.060212	156.984141
6.085217	156.994235
6.110222	157.004379
6.135227	157.014573
6.160232	157.024818
6.185237	157.035113
6.210242	157.045458
6.235247	157.055854
6.260252	157.066337
6.285258	157.077609
6.310263	157.088962
6.335268	157.100281
6.360273	157.111567
6.385278	157.122818
6.410283	157.134036
6.435288	157.145219
6.460293	157.156369
6.485298	157.167485
6.510303	157.178567
6.535308	157.189615
6.560313	157.200629
6.585318	157.211609
6.610323	157.222555
6.635328	157.233606
6.660333	157.244484
6.685338	157.255229
6.710343	157.265842
6.735348	157.276322
6.760353	157.286671
6.785358	157.296887
6.810363	157.306971
6.835368	157.316922
6.860373	157.326742
6.885378	157.336429
6.910383	157.345983
6.935389	157.355406
6.960394	157.364696
6.985399	157.373366
7.010404	157.382112
7.035409	157.390694
7.060414	157.399111
7.085419	157.407363
7.110424	157.415451
7.135429	157.423374
7.160434	157.431133
7.185439	157.438728
7.210444	157.446158
7.235449	157.453423
7.260454	157.460524
7.285459	157.467461
7.310464	157.474233
7.335469	157.481111
7.360474	157.487975
7.385479	157.494757
7.410484	157.501456
7.435489	157.508071
7.460494	157.514604
7.485499	157.521054
7.510504	157.527421
7.535509	157.533705
7.560514	157.539906
7.585520	157.546025
7.610525	157.552060
7.635530	157.558012
7.660535	157.563882
7.685540	157.569648
7.710545	157.572926
7.735550	157.576716
7.760555	157.581017
7.785560	157.585831
7.810565	157.591157
7.835570	157.596994
7.860575	157.603344
7.885580	157.610205
7.910585	157.617579
7.935590	157.625464
7.960595	157.633862
7.985600	157.642771
8.010605	157.652192
8.035610	157.661856
8.060615	157.671847
8.085620	157.682673
8.110625	157.694357
8.135630	157.706901
8.160635	157.720303
8.185640	157.734563
8.210645	157.749683
8.235651	157.765661
8.260656	157.782497
8.285661	157.800193
8.310666	157.818747
8.335671	157.838160
8.360676	157.858432
8.385681	157.879559
8.410686	157.901588
8.435691	157.924074
8.460696	157.946912
8.485701	157.970102
8.510706	157.993644
8.535711	158.017537
8.560716	158.041783
8.585721	158.066380
8.610726	158.091329
8.635731	158.116630
8.660736	158.142283
8.685741	158.168288
8.710746	158.194644
8.735751	158.220761
8.760756	158.244550
8.785761	158.267585
8.810766	158.291248
8.835771	158.315539
8.860776	158.340458
8.885781	158.366005
8.910787	158.392181
8.935792	158.418984
8.960797	158.446416
8.985802	158.474476
9.010807	158.503164
9.035812	158.532480
9.060817	158.562424
9.085822	158.592539
9.110827	158.620269
9.135832	158.645684
9.160837	158.671183
9.185842	158.696766
9.210847	158.722432
9.235852	158.748181
9.260857	158.774014
9.285862	158.799931
9.310867	158.825932
9.335872	158.852016
9.360877	158.878183
9.385882	158.904435
9.410887	158.930770
9.435892	158.955755
9.460897	158.968745
9.485902	158.972123
9.510907	158.975418
9.535912	158.978628
9.560918	158.981755
9.585923	158.984798
9.610928	158.987757
9.635933	158.990631
9.660938	158.993422
9.685943	158.996129
9.710948	158.998752
9.735953	159.001292
9.760958	159.003747
9.785963	159.005935
9.810968	159.000171
9.835973	158.989381
9.860978	158.979186
9.885983	158.969585
9.910988	158.960578
9.935993	158.952166
9.960998	158.944349
9.986003	158.937126
10.011008	158.930498
10.036013	158.924464
10.061018	158.919025
10.086023	158.914180
10.111028	158.909930
10.136033	158.906274
10.161038	158.900860
10.186043	158.894672
10.211049	158.888920
10.236054	158.883813
10.261059	158.879351
10.286064	158.875533
10.311069	158.872360
10.336074	158.869831
10.361079	158.867947
10.386084	158.866708
10.411089	158.866113
10.436094	158.866162
10.461099	158.866857
10.486104	158.868195
10.511109	158.869687
10.536114	158.871644
10.561119	158.874463
10.586124	158.878223
10.611129	158.882923
10.636134	158.888564
10.661139	158.895146
10.686144	158.902668
10.711149	158.911131
10.736154	158.920534
10.761159	158.930878
10.786164	158.942163
10.811169	158.954388
10.836174	158.967554
10.861180	158.984888
10.886185	159.006722
10.911190	159.031346
10.936195	159.056652
10.961200	159.082640
10.986205	159.109310
11.011210	159.136663
11.036215	159.164697
11.061220	159.193414
11.086225	159.222813
11.111230	159.252894
11.136235	159.283658
11.161240	159.315103
11.186245	159.347231
11.211250	159.378179
11.236255	159.406094
11.261260	159.429828
11.286265	159.453777
11.311270	159.477943
11.336275	159.502325
11.361280	159.526922
11.386285	159.551736
11.411290	159.576765
11.436295	159.602010
11.461300	159.627472
11.486305	159.653149
11.511311	159.679041
11.536316	159.705150
11.561321	159.726363
11.586326	159.740820
11.611331	159.746297
11.636336	159.751955
11.661341	159.757794
11.686346	159.763814
11.711351	159.770014
11.736356	159.776396
11.761361	159.782959
11.786366	159.789703
11.811371	159.796627
11.836376	159.803733
11.861381	159.811019
11.886386	159.818487
11.911391	159.822613
11.936396	159.821444
11.961401	159.815405
11.986406	159.809811
12.011411	159.804777
12.036416	159.800306
12.061421	159.796395
12.086426	159.793046
12.111431	159.790258
12.136436	159.788031
12.161441	159.786366
12.186447	159.785262
12.211452	159.784719
12.236457	159.784737
12.261462	159.784490
12.286467	159.782580
12.311472	159.779192
12.336477	159.775842
12.361482	159.772986
12.386487	159.770626
12.411492	159.768761
12.436497	159.767391
12.461502	159.766517
12.486507	159.766137
12.511512	159.766253
12.536517	159.766864
12.561522	159.767970
12.586527	159.769571
12.611532	159.771737
12.636537	159.774869
12.661542	159.779441
12.686547	159.785486
12.711552	159.792669
12.736557	159.800989
12.761562	159.810448
12.786567	159.821044
12.811572	159.832779
12.836578	159.845652
12.861583	159.859663
12.886588	159.874811
12.911593	159.891098
12.936598	159.908523
12.961603	159.927358
12.986608	159.950887
13.011613	159.977029
13.036618	160.005540
13.061623	160.034552
13.086628	160.064065
13.111633	160.094078
13.136638	160.124593
13.161643	160.155608
13.186648	160.187124
13.211653	160.219142
13.236658	160.251660
13.261663	160.284679
13.286668	160.318199
13.311673	160.352220
13.336678	160.384466
13.361683	160.415264
13.386688	160.442183
13.411693	160.469235
13.436698	160.496421
13.461703	160.523739
13.486709	160.551191
13.511714	160.578776
13.536719	160.606495
13.561724	160.634347
13.586729	160.662332
13.611734	160.690450
13.636739	160.718702
13.661744	160.747087
13.686749	160.766647
13.711754	160.783523
13.736759	160.791183
13.761764	160.798580
13.786769	160.805711
13.811774	160.812579
13.836779	160.819181
13.861784	160.825519
13.886789	160.831593
13.911794	160.837402
13.936799	160.842946
13.961804	160.848226
13.986809	160.853241
14.011814	160.857992
14.036819	160.854939
14.061824	160.849413
14.086829	160.837229
14.111834	160.824967
14.136840	160.813067
14.161845	160.801530
14.186850	160.790354
14.211855	160.779541
14.236860	160.769090
14.261865	160.759002
14.286870	160.749275
14.311875	160.739911
14.336880	160.730909
14.361885	160.722269
14.386890	160.712550
14.411895	160.702549
14.436900	160.691550
14.461905	160.681165
14.486910	160.671935
14.511915	160.663857
14.536920	160.656934
14.561925	160.651163
14.586930	160.646547
14.611935	160.643083
14.636940	160.640773
14.661945	160.639617
14.686950	160.639614
14.711955	160.640765
14.736960	160.645198
14.761965	160.652727
14.786971	160.663871
14.811976	160.677334
14.836981	160.691414
14.861986	160.706111
14.886991	160.721425
14.911996	160.737356
14.937001	160.753904
14.962006	160.771069
14.987011	160.788851
15.012016	160.807251
15.037021	160.826267
15.062026	160.845900
15.087031	160.864651
15.112036	160.881829
15.137041	160.897880
15.162046	160.912254
15.187051	160.926844
15.212056	160.941651
15.237061	160.956673
15.262066	160.971912
15.287071	160.987367
15.312076	161.003038
15.337081	161.018925
15.362086	161.035029
15.387091	161.051349
15.412096	161.067885
15.437101	161.083747
15.462107	161.098120
15.487112	161.112513
15.512117	161.126096
15.537122	161.139780
15.562127	161.153564
15.587132	161.167450
15.612137	161.181436
15.637142	161.195522
15.662147	161.209710
15.687152	161.223998
15.712157	161.238387
15.737162	161.252877
15.762167	161.267467
15.787172	161.281793
15.812177	161.294728
15.837182	161.307412
15.862187	161.320458
15.887192	161.333355
15.912197	161.346102
15.937202	161.358700
15.962207	161.371149
15.987212	161.383448
16.012217	161.395598
16.037222	161.407598
16.062227	161.419449
16.087232	161.431151
16.112238	161.442703
16.137243	161.454441
16.162248	161.468469
16.187253	161.482346
16.212258	161.497792
16.237263	161.513682
16.262268	161.529847
16.287273	161.546288
16.312278	161.563004
16.337283	161.579995
16.362288	161.597261
16.387293	161.614803
16.412298	161.632620
16.437303	161.650712
16.462308	161.669079
16.487313	161.687742
16.512318	161.707708
16.537323	161.727248
16.562328	161.746956
16.587333	161.766046
16.612338	161.784230
16.637343	161.801507
16.662348	161.817878
16.687353	161.833343
16.712358	161.847901
16.737363	161.861553
16.762369	161.874299
16.787374	161.886138
16.812379	161.897070
16.837384	161.907097
16.862389	161.913673
16.887394	161.919089
16.912399	161.922563
16.937404	161.924412
16.962409	161.925501
16.987414	161.925829
17.012419	161.925396
17.037424	161.924202
17.062429	161.922248
17.087434	161.919533
17.112439	161.916058
17.137444	161.911821
17.162449	161.906824
17.187454	161.901067
17.212459	161.892196
17.237464	161.881871
17.262469	161.868899
17.287474	161.852146
17.312479	161.834451
17.337484	161.815812
17.362489	161.796229
17.387494	161.775703
17.412500	161.754234
17.437505	161.731822
17.462510	161.708466
17.487515	161.684167
17.512520	161.658924
17.537525	161.632738
17.562530	161.604462
17.587535	161.575065
17.612540	161.545728
17.637545	161.518737
17.662550	161.492050
17.687555	161.465669
17.712560	161.439593
17.737565	161.413823
17.762570	161.388359
17.787575	161.363199
17.812580	161.338345
17.837585	161.313797
17.862590	161.289554
17.887595	161.265617
17.912600	161.250398
17.937605	161.241521
17.962610	161.233733
17.987615	161.239324
18.012620	161.244606
18.037625	161.249579
18.062631	161.254242
18.087636	161.258596
18.112641	161.262641
18.137646	161.266377
18.162651	161.269804
18.187656	161.272921
18.212661	161.275730
18.237666	161.278229
18.262671	161.285124
18.287676	161.296724
18.312681	161.308079
18.337686	161.325429
18.362691	161.343396
18.387696	161.360969
18.412701	161.378148
18.437706	161.394933
18.462711	161.411324
18.487716	161.427321
18.512721	161.442923
18.537726	161.458132
18.562731	161.472946
18.587736	161.487366
18.612741	161.500913
18.637746	161.513283
18.662751	161.525256
18.687756	161.534936
18.712762	161.543429
18.737767	161.551609
18.762772	161.559474
18.787777	161.567025
18.812782	161.574261
18.837787	161.581184
18.862792	161.587792
18.887797	161.594086
18.912802	161.600066
18.937807	161.605732
18.962812	161.610477
18.987817	161.613466
19.012822	161.616384
19.037827	161.617770
19.062832	161.618360
19.087837	161.619736
19.112842	161.621898
19.137847	161.624846
19.162852	161.628579
19.187857	161.633098
19.212862	161.638403
19.237867	161.644494
19.262872	161.651371
19.287877	161.659033
19.312882	161.667787
19.337887	161.678554
19.362892	161.689655
19.387898	161.701263
19.412903	161.713049
19.437908	161.724445
19.462913	161.735449
19.487918	161.746062
19.512923	161.756285
19.537928	161.766116
19.562933	161.775556
19.587938	161.784605
19.612943	161.793263
19.637948	161.801530
19.662953	161.809033
19.687958	161.810591
19.712963	161.811589
19.737968	161.811399
19.762973	161.807513
19.787978	161.802985
19.812983	161.797814
19.837988	161.792000
19.862993	161.785544
19.887998	161.778446
19.913003	161.770705
19.938008	161.762321
19.963013	161.753295
19.988018	161.743626
20.013023	161.733315
20.038029	161.718786
20.063034	161.703536
20.088039	161.687723
20.113044	161.667289
20.138049	161.646768
20.163054	161.626179
20.188059	161.605520
20.213064	161.584793
20.238069	161.563997
20.263074	161.543132
20.288079	161.522199
20.313084	161.501196
20.338089	161.480125
20.363094	161.458985
20.388099	161.442157
20.413104	161.426671
20.438109	161.411822
20.463114	161.404440
20.488119	161.399308
20.513124	161.394969
20.538129	161.391421
20.563134	161.388667
20.588139	161.386704
20.613144	161.385533
20.638149	161.385155
20.663154	161.385569
20.688160	161.386776
20.713165	161.388775
20.738170	161.391149
20.763175	161.393315
20.788180	161.395287
20.813185	161.393126
20.838190	161.388373
20.863195	161.383096
20.888200	161.377294
20.913205	161.370968
20.938210	161.364117
20.963215	161.356743
20.988220	161.348844
21.013225	161.340420
21.038230	161.331472
21.063235	161.322000
21.088240	161.309086
21.113245	161.294013
21.138250	161.278413
21.163255	161.260189
21.188260	161.239098
21.213265	161.217428
21.238270	161.195180
21.263275	161.172355
21.288280	161.148951
21.313285	161.124969
21.338291	161.100409
21.363296	161.075271
21.388301	161.049554
21.413306	161.023260
21.438311	160.993704
21.463316	160.961339
21.488321	160.928521
21.513326	160.895358
21.538331	160.862769
21.563336	160.830931
21.588341	160.799843
21.613346	160.769505
21.638351	160.739918
21.663356	160.711080
21.688361	160.682993
21.713366	160.655657
21.738371	160.629070
21.763376	160.603234
21.788381	160.579151
21.813386	160.556920
21.838391	160.535120
21.863396	160.513432
21.888401	160.489742
21.913406	160.465942
21.938411	160.442032
21.963416	160.418013
21.988422	160.393883
22.013427	160.369642
22.038432	160.345292
22.063437	160.320832
22.088442	160.296262
22.113447	160.271581
22.138452	160.245164
22.163457	160.214851
22.188462	160.183834
22.213467	160.152111
22.238472	160.113584
22.263477	160.073975
22.288482	160.033556
22.313487	159.992327
22.338492	159.950288
22.363497	159.907439
22.388502	159.863779
22.413507	159.819310
22.438512	159.774031
22.463517	159.727941
22.488522	159.679668
22.513527	159.625877
22.538532	159.571605
22.563537	159.516853
22.588542	159.460932
22.613547	159.404953
22.638552	159.349180
22.663558	159.293613
22.688563	159.238251
22.713568	159.183096
22.738573	159.128145
22.763578	159.073401
22.788583	159.018862
22.813588	158.964529
22.838593	158.910674
22.863598	158.859499
22.888603	158.809143
22.913608	158.759606
22.938613	158.709431
22.963618	158.658333
22.988623	158.607043
23.013628	158.555560
23.038633	158.503886
23.063638	158.452020
23.088643	158.399962
23.113648	158.347712
23.138653	158.295269
23.163658	158.242635
23.188663	158.189728
23.213668	158.125024
23.238673	158.058852
23.263678	157.991214
23.288683	157.916393
23.313689	157.831861
23.338694	157.744616
23.363699	157.654659
23.388704	157.561989
23.413709	157.466607
23.438714	157.368512
23.463719	157.267705
23.488724	157.164185
23.513729	157.057952
23.538734	156.949007
23.563739	156.810625
23.588744	156.665389
23.613749	156.516152
23.638754	156.351044
23.663759	156.145541
23.688764	155.930718
23.713769	155.706574
23.738774	155.473109
23.763779	155.230324
23.788784	154.978218
23.813789	154.716792
23.838794	154.446045
23.863799	154.165978
23.888804	153.876590
23.913809	153.463188
23.938814	152.999124
23.963820	152.512441
23.988825	151.984736
24.013830	151.240554
24.038835	150.454530
24.063840	149.626665
24.088845	148.756957
24.113850	147.845409
24.138855	146.892018
24.163860	145.896786
24.188865	144.859712
24.213870	143.780797
24.238875	142.660039
24.263880	141.257082
24.288885	139.697922
24.313890	138.089191
24.338895	136.430889
24.363900	134.416658
24.388905	132.335407
24.413910	130.214906
24.438915	128.055156
24.463920	125.856157
24.488925	123.617908
24.513930	121.340410
24.538935	119.023663
24.563940	116.667666
24.588945	114.272420
24.613951	111.740295
24.638956	109.118072
24.663961	106.479960
24.688966	103.825957
24.713971	101.104212
24.738976	98.374086
24.763981	95.657030
24.788986	92.953044
24.813991	90.262127
24.838996	87.584281
24.864001	84.919505
24.889006	82.267799
24.914011	79.629162
24.939016	77.003596
24.964021	74.485327
24.989026	72.099456
25.014031	69.749425
25.039036	67.435234
25.064041	65.305744
25.089046	63.329870
25.114051	61.397819
25.139056	59.509591
25.164061	57.665187
25.189066	55.864607
25.214071	54.107850
25.239076	52.394916
25.264082	50.725805
25.289087	49.100518
25.314092	47.620235
25.339097	46.350186
25.364102	45.118968
25.389107	43.926581
25.414112	42.865740
25.439117	41.974875
25.464122	41.110333
25.489127	40.272117
25.514132	39.460224
25.539137	38.674656
25.564142	37.915412
25.589147	37.182493
25.614152	36.475897
25.639157	35.795627
25.664162	35.175749
25.689167	34.668851
25.714172	34.177937
25.739177	33.703008
25.764182	33.264758
25.789187	32.908763
25.814192	32.560869
25.839197	32.221077
25.864202	31.889386
25.889207	31.565796
25.914212	31.250308
25.939218	30.942921
25.964223	30.643635
25.989228	30.352450
26.014233	30.074598
26.039238	29.829342
26.064243	29.587780
26.089248	29.349911
26.114253	29.116893
26.139258	28.907371
26.164263	28.699280
26.189268	28.492620
26.214273	28.287391
26.239278	28.083593
26.264283	27.881226
26.289288	27.680291
26.314293	27.480787
26.339298	27.282714
26.364303	27.086296
26.389308	26.894585
26.414313	26.703426
26.439318	26.512821
26.464323	26.322768
26.489328	26.130486
26.514333	25.937439
26.539338	25.743949
26.564343	25.550016
26.589349	25.355640
26.614354	25.160821
26.639359	24.965558
26.664364	24.769853
26.689369	24.573704
26.714374	24.377112
26.739379	24.174732
26.764384	23.971547
26.789389	23.767829
26.814394	23.563581
26.839399	23.354425
26.864404	23.143040
26.889409	22.931272
26.914414	22.719121
26.939419	22.506586
26.964424	22.293668
26.989429	22.080366
27.014434	21.866681
27.039439	21.652613
27.064444	21.438161
27.089449	21.221158
27.114454	21.003863
27.139459	20.786715
27.164464	20.569714
27.189469	20.352026
27.214474	20.133186
27.239480	19.913755
27.264485	19.693731
27.289490	19.473116
27.314495	19.251908
27.339500	19.030108
27.364505	18.807715
27.389510	18.584731
27.414515	18.361154
27.439520	18.129494
27.464525	17.894337
27.489530	17.658284
27.514535	17.421336
27.539540	17.179113
27.564545	16.928555
27.589550	16.677630
27.614555	16.426336
27.639560	16.174675
27.664565	15.922645
27.689570	15.670248
27.714575	15.417482
27.739580	15.164349
27.764585	14.910848
27.789590	14.656167
27.814595	14.402025
27.839600	14.149197
27.864605	13.897685
27.889611	13.648843
27.914616	13.408785
27.939621	13.172659
27.964626	12.940466
27.989631	12.712205
28.014636	12.487877
28.039641	12.267481
28.064646	12.051018
28.089651	11.838487
28.114656	11.629888
28.139661	11.437845
28.164666	11.262708
28.189671	11.093719
28.214676	10.930878
28.239681	10.774418
28.264686	10.640777
28.289691	10.512333
28.314696	10.389084
28.339701	10.271032
28.364706	10.158176
28.389711	10.050517
28.414716	9.948053
28.439721	9.850786
28.464726	9.758716
28.489731	9.675793
28.514736	9.602129
28.539742	9.531776
28.564747	9.464734
28.589752	9.401002
28.614757	9.349089
28.639762	9.300057
28.664767	9.252110
28.689772	9.205248
28.714777	9.159471
28.739782	9.114779
28.764787	9.071172
28.789792	9.028650
28.814797	8.987213
28.839802	8.948008
28.864807	8.911974
28.889812	8.876437
28.914817	8.841397
28.939822	8.806855
28.964827	8.774872
28.989832	8.744250
29.014837	8.713926
29.039842	8.683901
29.064847	8.654175
29.089852	8.624746
29.114857	8.595617
29.139862	8.566785
29.164867	8.538252
29.189873	8.510255
29.214878	8.483332
29.239883	8.456526
29.264888	8.429836
29.289893	8.403264
29.314898	8.376091
29.339903	8.348213
29.364908	8.320337
29.389913	8.292463
29.414918	8.264590
29.439923	8.236719
29.464928	8.208850
29.489933	8.180983
29.514938	8.153117
29.539943	8.125145
29.564948	8.096274
29.589953	8.067435
29.614958	8.038628
29.639963	8.009854
29.664968	7.981459
29.689973	7.953879
29.714978	7.926398
29.739983	7.899016
29.764988	7.871733
29.789993	7.844550
29.814998	7.817466
29.840003	7.790482
29.865009	7.763597
29.890014	7.736811
29.915019	7.712081
29.940024	7.687533
29.965029	7.663167
29.990034	7.638982
30.015039	7.614954
30.040044	7.590869
30.065049	7.566802
30.090054	7.542753
30.115059	7.518721
30.140064	7.494706
30.165069	7.470709
30.190074	7.446729
30.215079	7.422767
30.240084	7.398822
30.265089	7.373596
30.290094	7.348201
30.315099	7.322791
30.340104	7.297365
30.365109	7.271922
30.390114	7.245762
30.415119	7.219600
30.440124	7.193453
30.465129	7.167323
30.490134	7.141209
30.515140	7.115111
30.540145	7.089029
30.565150	7.062963
30.590155	7.036913
30.615160	7.011226
30.640165	6.985705
30.665170	6.960266
30.690175	6.934908
30.715180	6.909632
30.740185	6.885915
30.765190	6.862753
30.790195	6.839789
30.815200	6.817024
30.840205	6.794458
30.865210	6.772090
30.890215	6.749922
30.915220	6.727952
30.940225	6.706180
30.965230	6.685497
30.990235	6.665245
31.015240	6.644976
31.040245	6.624692
31.065250	6.604391
31.090255	6.583642
31.115260	6.562620
31.140265	6.541582
31.165271	6.520528
31.190276	6.499458
31.215281	6.478372
31.240286	6.457270
31.265291	6.436151
31.290296	6.415017
31.315301	6.393055
31.340306	6.370482
31.365311	6.347893
31.390316	6.325288
31.415321	6.302667
31.440326	6.279652
31.465331	6.256227
31.490336	6.232867
31.515341	6.209570
31.540346	6.186338
31.565351	6.163169
31.590356	6.140065
31.615361	6.117025
31.640366	6.094049
31.665371	6.071467
31.690376	6.049359
31.715381	6.027367
31.740386	6.005493
31.765391	5.983736
31.790396	5.962311
31.815402	5.941455
31.840407	5.920566
31.865412	5.899643
31.890417	5.878687
31.915422	5.857698
31.940427	5.836676
31.965432	5.815620
31.990437	5.794532
32.015442	5.773543
32.040447	5.752787
32.065452	5.732048
32.090457	5.711326
32.115462	5.690621
32.140467	5.669829
32.165472	5.648184
32.190477	5.626537
32.215482	5.604888
32.240487	5.583238
32.265492	5.561586
32.290497	5.539932
32.315502	5.518277
32.340507	5.496620
32.365512	5.474727
32.390517	5.452272
32.415522	5.429981
32.440527	5.407855
32.465533	5.385895
32.490538	5.364099
32.515543	5.342949
32.540548	5.321871
32.565553	5.300827
32.590558	5.279817
32.615563	5.258842
32.640568	5.237901
32.665573	5.216994
32.690578	5.196121
32.715583	5.175376
32.740588	5.155151
32.765593	5.134909
32.790598	5.114651
32.815603	5.094377
32.840608	5.074087
32.865613	5.053457
32.890618	5.032754
32.915623	5.012085
32.940628	4.991449
32.965633	4.970846
32.990638	4.950277
33.015643	4.929742
33.040648	4.909240
33.065653	4.888724
33.090658	4.867303
33.115663	4.845930
33.140669	4.824606
33.165674	4.803330
33.190679	4.782103
33.215684	4.760720
33.240689	4.739310
33.265694	4.718034
33.290699	4.696890
33.315704	4.675880
33.340709	4.655002
33.365714	4.634258
33.390719	4.613646
33.415724	4.593167
33.440729	4.573036
33.465734	4.552954
33.490739	4.532905
33.515744	4.512891
33.540749	4.492911
33.565754	4.473197
33.590759	4.453809
33.615764	4.434404
33.640769	4.414984
33.665774	4.395547
33.690779	4.376094
33.715784	4.356625
33.740789	4.337140
33.765794	4.317639
33.790800	4.298712
33.815805	4.279927
33.840810	4.261174
33.865815	4.242452
33.890820	4.223762
33.915825	4.205163
33.940830	4.186832
33.965835	4.168616
33.990840	4.150517
34.015845	4.132533
34.040850	4.114665
34.065855	4.096913
34.090860	4.079277
34.115865	4.061757
34.140870	4.043816
34.165875	4.025722
34.190880	4.007662
34.215885	3.989634
34.240890	3.971640
34.265895	3.953649
34.290900	3.935312
34.315905	3.917025
34.340910	3.898788
34.365915	3.880601
34.390920	3.862464
34.415925	3.844377
34.440931	3.826341
34.465936	3.808354
34.490941	3.790084
34.515946	3.771612
34.540951	3.753124
34.565956	3.734621
34.590961	3.716101
34.615966	3.697566
34.640971	3.679617
34.665976	3.661813
34.690981	3.644091
34.715986	3.626450
34.740991	3.608891
34.765996	3.591414
34.791001	3.574018
34.816006	3.556704
34.841011	3.540120
34.866016	3.524230
34.891021	3.508439
34.916026	3.492748
34.941031	3.477155
34.966036	3.461663
34.991041	3.446463
35.016046	3.431379
35.041051	3.416330
35.066056	3.401314
35.091062	3.386333
35.116067	3.371385
35.141072	3.356472
35.166077	3.341592
35.191082	3.326199
35.216087	3.310044
35.241092	3.293888
35.266097	3.277731
35.291102	3.261574
35.316107	3.245416
35.341112	3.229081
35.366117	3.212643
35.391122	3.196255
35.416127	3.179918
35.441132	3.163632
35.466137	3.147397
35.491142	3.131214
35.516147	3.115081
35.541152	3.099317
35.566157	3.084346
35.591162	3.069475
35.616167	3.054702
35.641172	3.040028
35.666177	3.025453
35.691182	3.011138
35.716187	2.997153
35.741193	2.983218
35.766198	2.969333
35.791203	2.955499
35.816208	2.941714
35.841213	2.927979
35.866218	2.914294
35.891223	2.900460
35.916228	2.885855
35.941233	2.871235
35.966238	2.856599
35.991243	2.841948
36.016248	2.827281
36.041253	2.812426
36.066258	2.796921
36.091263	2.781465
36.116268	2.766057
36.141273	2.750699
36.166278	2.735390
36.191283	2.720130
36.216288	2.704918
36.241293	2.689770
36.266298	2.674811
36.291303	2.659935
36.316308	2.645140
36.341313	2.630428
36.366318	2.615799
36.391323	2.601277
36.416329	2.587626
36.441334	2.574024
36.466339	2.560471
36.491344	2.546967
36.516349	2.533513
36.541354	2.520107
36.566359	2.506750
36.591364	2.493442
36.616369	2.480824
36.641374	2.468196
36.666379	2.455553
36.691384	2.442894
36.716389	2.430221
36.741394	2.417532
36.766399	2.404933
36.791404	2.392364
36.816409	2.379812
36.841414	2.367275
36.866419	2.354755
36.891424	2.342251
36.916429	2.329763
36.941434	2.317291
36.966439	2.304403
36.991444	2.291523
37.016449	2.278709
37.041454	2.265961
37.066460	2.253280
37.091465	2.240664
37.116470	2.228310
37.141475	2.216126
37.166480	2.204025
37.191485	2.192007
37.216490	2.180072
37.241495	2.168219
37.266500	2.156450
37.291505	2.144764
37.316510	2.133430
37.341515	2.122183
37.366520	2.110936
37.391525	2.099691
37.416530	2.088447
37.441535	2.077203
37.466540	2.066111
37.491545	2.055174
37.516550	2.044253
37.541555	2.033346
37.566560	2.022455
37.591565	2.011579
37.616570	2.000718
37.641575	1.989871
37.666580	1.978727
37.691585	1.967517
37.716591	1.956407
37.741596	1.945396
37.766601	1.934484
37.791606	1.923672
37.816611	1.912903
37.841616	1.902091
37.866621	1.891330
37.891626	1.880619
37.916631	1.869958
37.941636	1.859346
37.966641	1.848785
37.991646	1.838274
38.016651	1.827677
38.041656	1.817028
38.066661	1.806429
38.091666	1.795880
38.116671	1.785382
38.141676	1.774933
38.166681	1.764565
38.191686	1.754374
38.216691	1.744184
38.241696	1.733994
38.266701	1.723805
38.291706	1.713615
38.316711	1.703426
38.341716	1.693238
38.366722	1.683312
38.391727	1.673749
38.416732	1.664267
38.441737	1.654867
38.466742	1.645548
38.491747	1.636310
38.516752	1.627153
38.541757	1.618595
38.566762	1.610076
38.591767	1.601590
38.616772	1.593138
38.641777	1.584721
38.666782	1.576337
38.691787	1.567987
38.716792	1.559506
38.741797	1.550764
38.766802	1.542056
38.791807	1.533382
38.816812	1.524743
38.841817	1.516138
38.866822	1.507567
38.891827	1.498494
38.916832	1.489318
38.941837	1.480158
38.966842	1.471014
38.991847	1.461884
39.016853	1.452769
39.041858	1.443669
39.066863	1.434592
39.091868	1.425592
39.116873	1.416676
39.141878	1.407844
39.166883	1.399096
39.191888	1.390432
39.216893	1.381851
39.241898	1.373578
39.266903	1.365454
39.291908	1.357347
39.316913	1.349255
39.341918	1.341178
39.366923	1.333118
39.391928	1.325073
39.416933	1.317096
39.441938	1.309455
39.466943	1.301864
39.491948	1.294322
39.516953	1.286831
39.541958	1.279390
39.566963	1.271998
39.591968	1.264963
39.616973	1.258283
39.641978	1.251602
39.666984	1.244922
39.691989	1.238241
39.716994	1.231561
39.741999	1.224881
39.767004	1.218191
39.792009	1.211308
39.817014	1.204456
39.842019	1.197637
39.867024	1.190851
39.892029	1.184096
39.917034	1.177374
39.942039	1.170736
39.967044	1.164264
39.992049	1.157843
40.017054	1.151471
40.042059	1.145148
40.067064	1.138876
40.092069	1.132653
40.117074	1.126479
40.142079	1.120492
40.167084	1.114516
40.192089	1.108540
40.217094	1.102564
40.242099	1.096589
40.267104	1.090613
40.292109	1.084689
40.317114	1.079153
40.342120	1.073667
40.367125	1.068230
40.392130	1.062842
40.417135	1.057504
40.442140	1.052215
40.467145	1.046975
40.492150	1.041787
40.517155	1.036650
40.542160	1.031562
40.567165	1.026525
40.592170	1.021537
40.617175	1.016600
40.642180	1.011712
40.667185	1.006695
40.692190	1.001702
40.717195	0.996743
40.742200	0.991817
40.767205	0.986924
40.792210	0.982064
40.817215	0.977238
40.842220	0.972271
40.867225	0.967272
40.892230	0.962306
40.917235	0.957375
40.942240	0.952477
40.967245	0.947614
40.992251	0.942784
41.017256	0.938125
41.042261	0.933554
41.067266	0.929032
41.092271	0.924560
41.117276	0.920138
41.142281	0.915767
41.167286	0.911445
41.192291	0.907390
41.217296	0.903519
41.242301	0.899698
41.267306	0.895926
41.292311	0.892204
41.317316	0.888532
41.342321	0.884909
41.367326	0.881432
41.392331	0.877999
41.417336	0.874534
41.442341	0.871035
41.467346	0.867503
41.492351	0.863938
41.517356	0.860340
41.542361	0.856746
41.567366	0.853193
