Patient Name: EQUIPO 4 2025, QA
Patient ID: Eq4-2025
Plan: PerfDiag
Course: C-Fisica
Date: Friday, August 07, 2026 2:43:50 PM
Exported by: paberbuj

Start: (-29.79, -20.00, -29.57)
End:   (30.02, -20.00, 29.79)

	Campo 1
-42.148017	1.603927
-42.123012	1.622136
-42.098007	1.638529
-42.073001	1.653105
-42.047996	1.664909
-42.022990	1.671413
-41.997985	1.677916
-41.972980	1.684420
-41.947974	1.690923
-41.922969	1.697427
-41.897963	1.703648
-41.872958	1.709654
-41.847953	1.715711
-41.822947	1.721818
-41.797942	1.727974
-41.772936	1.734181
-41.747931	1.740437
-41.722926	1.746744
-41.697920	1.753101
-41.672915	1.759731
-41.647909	1.766389
-41.622904	1.773071
-41.597898	1.779777
-41.572893	1.786507
-41.547888	1.793255
-41.522882	1.800022
-41.497877	1.806816
-41.472871	1.813634
-41.447866	1.820479
-41.422861	1.827349
-41.397855	1.834245
-41.372850	1.841166
-41.347844	1.848113
-41.322839	1.855092
-41.297834	1.862097
-41.272828	1.869126
-41.247823	1.876178
-41.222817	1.883254
-41.197812	1.890447
-41.172807	1.897849
-41.147801	1.905301
-41.122796	1.912801
-41.097790	1.920352
-41.072785	1.927952
-41.047780	1.935601
-41.022774	1.943300
-40.997769	1.951048
-40.972763	1.958882
-40.947758	1.966770
-40.922752	1.974682
-40.897747	1.982617
-40.872742	1.990577
-40.847736	1.998530
-40.822731	2.006445
-40.797725	2.014409
-40.772720	2.022424
-40.747715	2.030488
-40.722709	2.038603
-40.697704	2.046767
-40.672698	2.054982
-40.647693	2.063246
-40.622688	2.071560
-40.597682	2.079921
-40.572677	2.088333
-40.547671	2.096793
-40.522666	2.105304
-40.497661	2.113885
-40.472655	2.122592
-40.447650	2.131323
-40.422644	2.140078
-40.397639	2.148857
-40.372633	2.157659
-40.347628	2.166485
-40.322623	2.175336
-40.297617	2.184210
-40.272612	2.193110
-40.247606	2.202044
-40.222601	2.211004
-40.197596	2.219990
-40.172590	2.229003
-40.147585	2.238082
-40.122579	2.247570
-40.097574	2.257108
-40.072569	2.266696
-40.047563	2.276335
-40.022558	2.286023
-39.997552	2.295761
-39.972547	2.305549
-39.947542	2.315387
-39.922536	2.325273
-39.897531	2.335074
-39.872525	2.344901
-39.847520	2.354755
-39.822514	2.364634
-39.797509	2.374541
-39.772504	2.384617
-39.747498	2.394767
-39.722493	2.404990
-39.697487	2.415287
-39.672482	2.425658
-39.647477	2.436103
-39.622471	2.446621
-39.597466	2.457214
-39.572460	2.467880
-39.547455	2.478508
-39.522450	2.489096
-39.497444	2.499661
-39.472439	2.510201
-39.447433	2.520718
-39.422428	2.530506
-39.397423	2.540309
-39.372417	2.550185
-39.347412	2.560133
-39.322406	2.570155
-39.297401	2.580249
-39.272396	2.590416
-39.247390	2.600656
-39.222385	2.610969
-39.197379	2.621384
-39.172374	2.631872
-39.147368	2.642409
-39.122363	2.652996
-39.097358	2.663633
-39.072352	2.675095
-39.047347	2.686707
-39.022341	2.698320
-38.997336	2.709934
-38.972331	2.721549
-38.947325	2.733165
-38.922320	2.744782
-38.897314	2.756400
-38.872309	2.768020
-38.847304	2.779746
-38.822298	2.791645
-38.797293	2.803593
-38.772287	2.815590
-38.747282	2.827636
-38.722277	2.839839
-38.697271	2.852060
-38.672266	2.864256
-38.647260	2.876424
-38.622255	2.888567
-38.597249	2.900684
-38.572244	2.912774
-38.547239	2.924838
-38.522233	2.936876
-38.497228	2.948864
-38.472222	2.960786
-38.447217	2.972733
-38.422212	2.984707
-38.397206	2.996707
-38.372201	3.008233
-38.347195	3.019578
-38.322190	3.030997
-38.297185	3.042490
-38.272179	3.054057
-38.247174	3.065698
-38.222168	3.077412
-38.197163	3.089200
-38.172158	3.101063
-38.147152	3.113007
-38.122147	3.125141
-38.097141	3.137275
-38.072136	3.149409
-38.047130	3.161543
-38.022125	3.174098
-37.997120	3.186952
-37.972114	3.199805
-37.947109	3.212659
-37.922103	3.225513
-37.897098	3.238367
-37.872093	3.251220
-37.847087	3.264074
-37.822082	3.276928
-37.797076	3.289782
-37.772071	3.302857
-37.747066	3.316016
-37.722060	3.329224
-37.697055	3.342481
-37.672049	3.355603
-37.647044	3.368589
-37.622039	3.381625
-37.597033	3.394712
-37.572028	3.407848
-37.547022	3.421034
-37.522017	3.434270
-37.497012	3.447557
-37.472006	3.460893
-37.447001	3.474279
-37.421995	3.487719
-37.396990	3.501209
-37.371984	3.514749
-37.346979	3.528339
-37.321974	3.542106
-37.296968	3.556087
-37.271963	3.570091
-37.246957	3.584118
-37.221952	3.598169
-37.196947	3.612243
-37.171941	3.626340
-37.146936	3.640461
-37.121930	3.654604
-37.096925	3.668772
-37.071920	3.682905
-37.046914	3.696980
-37.021909	3.711055
-36.996903	3.725131
-36.971898	3.739418
-36.946893	3.754174
-36.921887	3.768980
-36.896882	3.783835
-36.871876	3.798740
-36.846871	3.813694
-36.821865	3.828698
-36.796860	3.843751
-36.771855	3.858854
-36.746849	3.874006
-36.721844	3.889294
-36.696838	3.904868
-36.671833	3.920515
-36.646828	3.936236
-36.621822	3.952001
-36.596817	3.967717
-36.571811	3.983457
-36.546806	3.999220
-36.521801	4.015006
-36.496795	4.030816
-36.471790	4.046649
-36.446784	4.062505
-36.421779	4.078385
-36.396774	4.094288
-36.371768	4.110226
-36.346763	4.126327
-36.321757	4.142477
-36.296752	4.158678
-36.271746	4.174835
-36.246741	4.190503
-36.221736	4.206171
-36.196730	4.221838
-36.171725	4.237505
-36.146719	4.253171
-36.121714	4.268837
-36.096709	4.284502
-36.071703	4.300166
-36.046698	4.315831
-36.021692	4.331495
-35.996687	4.347256
-35.971682	4.363077
-35.946676	4.378948
-35.921671	4.394948
-35.896665	4.412083
-35.871660	4.429317
-35.846655	4.446651
-35.821649	4.464084
-35.796644	4.481617
-35.771638	4.499250
-35.746633	4.516982
-35.721628	4.534814
-35.696622	4.552745
-35.671617	4.570776
-35.646611	4.588922
-35.621606	4.607152
-35.596600	4.625456
-35.571595	4.643834
-35.546590	4.660853
-35.521584	4.677825
-35.496579	4.694773
-35.471573	4.711697
-35.446568	4.728598
-35.421563	4.745474
-35.396557	4.762327
-35.371552	4.779156
-35.346546	4.795961
-35.321541	4.812743
-35.296536	4.829740
-35.271530	4.847057
-35.246525	4.864498
-35.221519	4.882063
-35.196514	4.901823
-35.171509	4.921872
-35.146503	4.941970
-35.121498	4.962118
-35.096492	4.982315
-35.071487	5.002562
-35.046481	5.022858
-35.021476	5.043204
-34.996471	5.063599
-34.971465	5.084044
-34.946460	5.104637
-34.921454	5.125511
-34.896449	5.146458
-34.871444	5.167478
-34.846438	5.188669
-34.821433	5.209935
-34.796427	5.231249
-34.771422	5.252612
-34.746417	5.274025
-34.721411	5.295486
-34.696406	5.316997
-34.671400	5.338556
-34.646395	5.360165
-34.621390	5.381822
-34.596384	5.403512
-34.571379	5.425117
-34.546373	5.446746
-34.521368	5.468399
-34.496362	5.488899
-34.471357	5.509047
-34.446352	5.529297
-34.421346	5.549648
-34.396341	5.570102
-34.371335	5.590657
-34.346330	5.611315
-34.321325	5.632074
-34.296319	5.652935
-34.271314	5.673898
-34.246308	5.694963
-34.221303	5.716583
-34.196298	5.738360
-34.171292	5.760261
-34.146287	5.783153
-34.121281	5.806554
-34.096276	5.829955
-34.071271	5.853355
-34.046265	5.876755
-34.021260	5.900154
-33.996254	5.923552
-33.971249	5.946950
-33.946244	5.970348
-33.921238	5.993745
-33.896233	6.017141
-33.871227	6.040921
-33.846222	6.064968
-33.821216	6.089164
-33.796211	6.113968
-33.771206	6.139193
-33.746200	6.164441
-33.721195	6.189713
-33.696189	6.215008
-33.671184	6.240328
-33.646179	6.265672
-33.621173	6.291039
-33.596168	6.316430
-33.571162	6.341845
-33.546157	6.367284
-33.521152	6.392450
-33.496146	6.417410
-33.471141	6.442420
-33.446135	6.466814
-33.421130	6.490574
-33.396125	6.514483
-33.371119	6.538541
-33.346114	6.562748
-33.321108	6.587104
-33.296103	6.611610
-33.271097	6.636264
-33.246092	6.661067
-33.221087	6.686020
-33.196081	6.711121
-33.171076	6.736457
-33.146070	6.762065
-33.121065	6.787773
-33.096060	6.813506
-33.071054	6.839200
-33.046049	6.864968
-33.021043	6.890810
-32.996038	6.916726
-32.971033	6.942715
-32.946027	6.968778
-32.921022	6.994915
-32.896016	7.021126
-32.871011	7.047411
-32.846006	7.073770
-32.821000	7.100242
-32.795995	7.127042
-32.770989	7.153992
-32.745984	7.181309
-32.720978	7.209307
-32.695973	7.237479
-32.670968	7.265827
-32.645962	7.294349
-32.620957	7.323046
-32.595951	7.351917
-32.570946	7.380964
-32.545941	7.410185
-32.520935	7.439581
-32.495930	7.469151
-32.470924	7.498896
-32.445919	7.528882
-32.420914	7.558970
-32.395908	7.588969
-32.370903	7.618421
-32.345897	7.648073
-32.320892	7.677924
-32.295887	7.707974
-32.270881	7.738225
-32.245876	7.768675
-32.220870	7.799324
-32.195865	7.830173
-32.170860	7.861221
-32.145854	7.892469
-32.120849	7.923917
-32.095843	7.955725
-32.070838	7.987735
-32.045832	8.020122
-32.020827	8.054280
-31.995822	8.088639
-31.970816	8.123200
-31.945811	8.157962
-31.920805	8.192926
-31.895800	8.228091
-31.870795	8.263457
-31.845789	8.299025
-31.820784	8.334795
-31.795778	8.370766
-31.770773	8.406938
-31.745768	8.443584
-31.720762	8.480667
-31.695757	8.518052
-31.670751	8.557129
-31.645746	8.596709
-31.620741	8.636792
-31.595735	8.677378
-31.570730	8.718467
-31.545724	8.760059
-31.520719	8.802154
-31.495713	8.844752
-31.470708	8.887852
-31.445703	8.931456
-31.420697	8.975563
-31.395692	9.020829
-31.370686	9.067696
-31.345681	9.115144
-31.320676	9.170060
-31.295670	9.227489
-31.270665	9.287136
-31.245659	9.349001
-31.220654	9.413082
-31.195649	9.479382
-31.170643	9.547898
-31.145638	9.618633
-31.120632	9.691584
-31.095627	9.766753
-31.070622	9.844140
-31.045616	9.925322
-31.020611	10.015878
-30.995605	10.109551
-30.970600	10.213372
-30.945594	10.320949
-30.920589	10.431181
-30.895584	10.544069
-30.870578	10.659613
-30.845573	10.777813
-30.820567	10.898668
-30.795562	11.022179
-30.770557	11.148345
-30.745551	11.277167
-30.720546	11.408645
-30.695540	11.542779
-30.670535	11.686396
-30.645530	11.831937
-30.620524	11.980373
-30.595519	12.129793
-30.570513	12.279781
-30.545508	12.430336
-30.520503	12.581457
-30.495497	12.733146
-30.470492	12.885401
-30.445486	13.038223
-30.420481	13.191612
-30.395476	13.345568
-30.370470	13.500091
-30.345465	13.655181
-30.320459	13.808192
-30.295454	13.960799
-30.270448	14.110358
-30.245443	14.258445
-30.220438	14.406430
-30.195432	14.554314
-30.170427	14.702095
-30.145421	14.849775
-30.120416	14.997352
-30.095411	15.144828
-30.070405	15.292202
-30.045400	15.439474
-30.020394	15.586645
-29.995389	15.733713
-29.970384	15.878487
-29.945378	16.021904
-29.920373	16.163226
-29.895367	16.303328
-29.870362	16.443606
-29.845357	16.584058
-29.820351	16.724685
-29.795346	16.865487
-29.770340	17.006464
-29.745335	17.147615
-29.720329	17.288941
-29.695324	17.430442
-29.670319	17.572117
-29.645313	17.713967
-29.620308	17.855186
-29.595302	17.995451
-29.570297	18.134796
-29.545292	18.273263
-29.520286	18.411804
-29.495281	18.550419
-29.470275	18.689106
-29.445270	18.827867
-29.420265	18.966701
-29.395259	19.105609
-29.370254	19.244590
-29.345248	19.383644
-29.320243	19.522772
-29.295238	19.661972
-29.270232	19.800728
-29.245227	19.937816
-29.220221	20.074136
-29.195216	20.209749
-29.170210	20.345885
-29.145205	20.482545
-29.120200	20.619729
-29.095194	20.757437
-29.070189	20.895669
-29.045183	21.034424
-29.020178	21.173704
-28.995173	21.313507
-28.970167	21.453834
-28.945162	21.594686
-28.920156	21.736101
-28.895151	21.879203
-28.870146	22.023385
-28.845140	22.169516
-28.820135	22.316998
-28.795129	22.465829
-28.770124	22.616011
-28.745119	22.767542
-28.720113	22.920424
-28.695108	23.074656
-28.670102	23.230239
-28.645097	23.387171
-28.620092	23.545453
-28.595086	23.705086
-28.570081	23.866069
-28.545075	24.040252
-28.520070	24.223338
-28.495064	24.422248
-28.470059	24.626057
-28.445054	24.834763
-28.420048	25.048367
-28.395043	25.266870
-28.370037	25.490271
-28.345032	25.718570
-28.320027	25.951766
-28.295021	26.189861
-28.270016	26.432854
-28.245010	26.680746
-28.220005	26.933535
-28.195000	27.224962
-28.169994	27.552447
-28.144989	27.937052
-28.119983	28.334330
-28.094978	28.744279
-28.069973	29.166900
-28.044967	29.602193
-28.019962	30.050158
-27.994956	30.510795
-27.969951	30.984104
-27.944945	31.470084
-27.919940	31.968737
-27.894935	32.480061
-27.869929	33.004057
-27.844924	33.591670
-27.819918	34.266991
-27.794913	35.065843
-27.769908	35.884502
-27.744902	36.722967
-27.719897	37.581239
-27.694891	38.459316
-27.669886	39.357200
-27.644881	40.274890
-27.619875	41.212386
-27.594870	42.169688
-27.569864	43.146796
-27.544859	44.143711
-27.519854	45.160432
-27.494848	46.225212
-27.469843	47.388242
-27.444837	48.674515
-27.419832	49.969244
-27.394826	51.272430
-27.369821	52.584071
-27.344816	53.904169
-27.319810	55.232722
-27.294805	56.569732
-27.269799	57.915198
-27.244794	59.269120
-27.219789	60.631498
-27.194783	62.002332
-27.169778	63.381623
-27.144772	64.767561
-27.119767	66.131905
-27.094762	67.446685
-27.069756	68.743858
-27.044751	70.026834
-27.019745	71.295612
-26.994740	72.550193
-26.969735	73.790576
-26.944729	75.016762
-26.919724	76.228750
-26.894718	77.426541
-26.869713	78.610134
-26.844708	79.779530
-26.819702	80.934728
-26.794697	82.075729
-26.769691	83.072686
-26.744686	83.898318
-26.719680	84.677367
-26.694675	85.435466
-26.669670	86.172614
-26.644664	86.888812
-26.619659	87.584060
-26.594653	88.258357
-26.569648	88.911704
-26.544643	89.544100
-26.519637	90.155546
-26.494632	90.746042
-26.469626	91.315587
-26.444621	91.864182
-26.419616	92.314049
-26.394610	92.635200
-26.369605	92.922240
-26.344599	93.201284
-26.319594	93.472332
-26.294589	93.735383
-26.269583	93.990438
-26.244578	94.237496
-26.219572	94.476558
-26.194567	94.707624
-26.169561	94.930693
-26.144556	95.145766
-26.119551	95.352842
-26.094545	95.551922
-26.069540	95.729961
-26.044534	95.874932
-26.019529	96.010397
-25.994524	96.144178
-25.969518	96.276273
-25.944513	96.406683
-25.919507	96.535408
-25.894502	96.662448
-25.869497	96.787803
-25.844491	96.911472
-25.819486	97.033457
-25.794480	97.153757
-25.769475	97.272371
-25.744470	97.389301
-25.719464	97.501847
-25.694459	97.601876
-25.669453	97.697593
-25.644448	97.792592
-25.619442	97.886873
-25.594437	97.980436
-25.569432	98.073281
-25.544426	98.165409
-25.519421	98.256819
-25.494415	98.347511
-25.469410	98.437485
-25.444405	98.526742
-25.419399	98.615280
-25.394394	98.703101
-25.369388	98.789772
-25.344383	98.870327
-25.319378	98.948583
-25.294372	99.026494
-25.269367	99.104060
-25.244361	99.181280
-25.219356	99.258156
-25.194351	99.334686
-25.169345	99.410870
-25.144340	99.486710
-25.119334	99.562204
-25.094329	99.637354
-25.069324	99.712157
-25.044318	99.786616
-25.019313	99.860729
-24.994307	99.933707
-24.969302	100.005546
-24.944296	100.077212
-24.919291	100.148705
-24.894286	100.220024
-24.869280	100.291169
-24.844275	100.362141
-24.819269	100.432940
-24.794264	100.503565
-24.769259	100.574017
-24.744253	100.644296
-24.719248	100.714401
-24.694242	100.784333
-24.669237	100.854091
-24.644232	100.923604
-24.619226	100.993033
-24.594221	101.062312
-24.569215	101.131442
-24.544210	101.200423
-24.519205	101.269255
-24.494199	101.337938
-24.469194	101.406472
-24.444188	101.474857
-24.419183	101.543093
-24.394177	101.611180
-24.369172	101.679117
-24.344167	101.746906
-24.319161	101.814546
-24.294156	101.881738
-24.269150	101.948122
-24.244145	102.014208
-24.219140	102.079996
-24.194134	102.145485
-24.169129	102.210676
-24.144123	102.275569
-24.119118	102.340164
-24.094113	102.404461
-24.069107	102.468460
-24.044102	102.532160
-24.019096	102.595562
-23.994091	102.658666
-23.969086	102.721472
-23.944080	102.783179
-23.919075	102.841992
-23.894069	102.900457
-23.869064	102.958574
-23.844058	103.016345
-23.819053	103.073769
-23.794048	103.130845
-23.769042	103.187574
-23.744037	103.243956
-23.719031	103.299991
-23.694026	103.355679
-23.669021	103.411020
-23.644015	103.466013
-23.619010	103.520660
-23.594004	103.574559
-23.568999	103.624880
-23.543994	103.674950
-23.518988	103.724769
-23.493983	103.774336
-23.468977	103.823651
-23.443972	103.872715
-23.418967	103.921527
-23.393961	103.970088
-23.368956	104.018398
-23.343950	104.066456
-23.318945	104.114263
-23.293940	104.161818
-23.268934	104.209121
-23.243929	104.256174
-23.218923	104.300625
-23.193918	104.344840
-23.168912	104.388909
-23.143907	104.432830
-23.118902	104.476606
-23.093896	104.520234
-23.068891	104.563716
-23.043885	104.607051
-23.018880	104.650239
-22.993875	104.693281
-22.968869	104.736176
-22.943864	104.778924
-22.918858	104.821526
-22.893853	104.863981
-22.868848	104.904660
-22.843842	104.944840
-22.818837	104.984850
-22.793831	105.024690
-22.768826	105.064360
-22.743821	105.103860
-22.718815	105.143190
-22.693810	105.182350
-22.668804	105.221339
-22.643799	105.260159
-22.618793	105.298809
-22.593788	105.337288
-22.568783	105.375598
-22.543777	105.413738
-22.518772	105.449540
-22.493766	105.484058
-22.468761	105.518455
-22.443756	105.552729
-22.418750	105.586881
-22.393745	105.620910
-22.368739	105.654817
-22.343734	105.688602
-22.318729	105.722264
-22.293723	105.755804
-22.268718	105.789222
-22.243712	105.822518
-22.218707	105.855691
-22.193702	105.888741
-22.168696	105.920957
-22.143691	105.952915
-22.118685	105.984821
-22.093680	106.016674
-22.068674	106.048475
-22.043669	106.080224
-22.018664	106.111920
-21.993658	106.143564
-21.968653	106.175155
-21.943647	106.206695
-21.918642	106.238181
-21.893637	106.269615
-21.868631	106.300997
-21.843626	106.332327
-21.818620	106.362836
-21.793615	106.392021
-21.768610	106.421085
-21.743604	106.450028
-21.718599	106.478849
-21.693593	106.507550
-21.668588	106.536130
-21.643583	106.564588
-21.618577	106.592926
-21.593572	106.621143
-21.568566	106.649238
-21.543561	106.677213
-21.518556	106.705066
-21.493550	106.732799
-21.468545	106.759735
-21.443539	106.783840
-21.418534	106.807883
-21.393528	106.831902
-21.368523	106.855898
-21.343518	106.879870
-21.318512	106.903818
-21.293507	106.927742
-21.268501	106.951643
-21.243496	106.975519
-21.218491	106.999372
-21.193485	107.023201
-21.168480	107.047006
-21.143474	107.070787
-21.118469	107.094053
-21.093464	107.116595
-21.068458	107.139076
-21.043453	107.161531
-21.018447	107.183961
-20.993442	107.206365
-20.968437	107.228743
-20.943431	107.251095
-20.918426	107.273422
-20.893420	107.295723
-20.868415	107.317999
-20.843409	107.340248
-20.818404	107.362472
-20.793399	107.384670
-20.768393	107.406371
-20.743388	107.426865
-20.718382	107.447106
-20.693377	107.467371
-20.668372	107.487660
-20.643366	107.507974
-20.618361	107.528312
-20.593355	107.548674
-20.568350	107.569060
-20.543345	107.589471
-20.518339	107.609906
-20.493334	107.630366
-20.468328	107.650850
-20.443323	107.671358
-20.418318	107.691742
-20.393312	107.711336
-20.368307	107.730282
-20.343301	107.749203
-20.318296	107.768099
-20.293290	107.786971
-20.268285	107.805819
-20.243280	107.824642
-20.218274	107.843442
-20.193269	107.862216
-20.168263	107.880967
-20.143258	107.899693
-20.118253	107.918395
-20.093247	107.937072
-20.068242	107.955725
-20.043236	107.974311
-20.018231	107.992633
-19.993226	108.010955
-19.968220	108.029277
-19.943215	108.047600
-19.918209	108.065922
-19.893204	108.084244
-19.868199	108.102566
-19.843193	108.120888
-19.818188	108.139210
-19.793182	108.157532
-19.768177	108.175854
-19.743172	108.194177
-19.718166	108.212429
-19.693161	108.230209
-19.668155	108.247545
-19.643150	108.264956
-19.618144	108.282442
-19.593139	108.300003
-19.568134	108.317640
-19.543128	108.335352
-19.518123	108.353139
-19.493117	108.371001
-19.468112	108.388938
-19.443107	108.406951
-19.418101	108.425039
-19.393096	108.443202
-19.368090	108.461426
-19.343085	108.479372
-19.318080	108.496826
-19.293074	108.514250
-19.268069	108.531771
-19.243063	108.549389
-19.218058	108.567104
-19.193053	108.584917
-19.168047	108.602826
-19.143042	108.620833
-19.118036	108.638937
-19.093031	108.657139
-19.068025	108.675437
-19.043020	108.693833
-19.018015	108.712326
-18.993009	108.730738
-18.968004	108.749590
-18.942998	108.768698
-18.917993	108.787882
-18.892988	108.807142
-18.867982	108.826478
-18.842977	108.845890
-18.817971	108.865379
-18.792966	108.884943
-18.767961	108.904584
-18.742955	108.924302
-18.717950	108.944095
-18.692944	108.963965
-18.667939	108.983911
-18.642934	109.003471
-18.617928	109.022831
-18.592923	109.041964
-18.567917	109.061173
-18.542912	109.080457
-18.517907	109.099817
-18.492901	109.119252
-18.467896	109.138764
-18.442890	109.158351
-18.417885	109.178014
-18.392879	109.197752
-18.367874	109.217567
-18.342869	109.237457
-18.317863	109.257423
-18.292858	109.277052
-18.267852	109.296402
-18.242847	109.315060
-18.217842	109.333818
-18.192836	109.352675
-18.167831	109.371632
-18.142825	109.390689
-18.117820	109.409845
-18.092815	109.429101
-18.067809	109.448456
-18.042804	109.467911
-18.017798	109.487465
-17.992793	109.507119
-17.967788	109.526872
-17.942782	109.545635
-17.917777	109.563870
-17.892771	109.580329
-17.867766	109.596713
-17.842760	109.613022
-17.817755	109.629255
-17.792750	109.645413
-17.767744	109.661496
-17.742739	109.677504
-17.717733	109.693437
-17.692728	109.709294
-17.667723	109.725076
-17.642717	109.740783
-17.617712	109.756415
-17.592706	109.770432
-17.567701	109.783413
-17.542696	109.793985
-17.517690	109.804078
-17.492685	109.814073
-17.467679	109.823968
-17.442674	109.833764
-17.417669	109.843461
-17.392663	109.853060
-17.367658	109.862559
-17.342652	109.871959
-17.317647	109.881260
-17.292641	109.890462
-17.267636	109.899565
-17.242631	109.907904
-17.217625	109.915589
-17.192620	109.923108
-17.167614	109.930490
-17.142609	109.937799
-17.117604	109.945035
-17.092598	109.952198
-17.067593	109.959287
-17.042587	109.966303
-17.017582	109.973245
-16.992577	109.980114
-16.967571	109.986910
-16.942566	109.993633
-16.917560	110.000282
-16.892555	110.006469
-16.867550	110.012095
-16.842544	110.017440
-16.817539	110.022499
-16.792533	110.027534
-16.767528	110.032547
-16.742523	110.037538
-16.717517	110.042505
-16.692512	110.047450
-16.667506	110.052371
-16.642501	110.057270
-16.617495	110.062146
-16.592490	110.067000
-16.567485	110.071830
-16.542479	110.076512
-16.517474	110.080936
-16.492468	110.085129
-16.467463	110.088781
-16.442458	110.092409
-16.417452	110.096014
-16.392447	110.099595
-16.367441	110.103153
-16.342436	110.106688
-16.317431	110.110200
-16.292425	110.113688
-16.267420	110.117152
-16.242414	110.120594
-16.217409	110.124012
-16.192404	110.127391
-16.167398	110.130734
-16.142393	110.134062
-16.117387	110.136981
-16.092382	110.139849
-16.067376	110.142667
-16.042371	110.145435
-16.017366	110.148153
-15.992360	110.150821
-15.967355	110.153439
-15.942349	110.156007
-15.917344	110.158525
-15.892339	110.160994
-15.867333	110.163412
-15.842328	110.165728
-15.817322	110.167815
-15.792317	110.169950
-15.767312	110.173088
-15.742306	110.176292
-15.717301	110.179447
-15.692295	110.182553
-15.667290	110.185609
-15.642285	110.188615
-15.617279	110.191572
-15.592274	110.194479
-15.567268	110.197337
-15.542263	110.200145
-15.517257	110.202903
-15.492252	110.205795
-15.467247	110.210508
-15.442241	110.215297
-15.417236	110.221412
-15.392230	110.228047
-15.367225	110.234658
-15.342220	110.241246
-15.317214	110.247810
-15.292209	110.254352
-15.267203	110.260869
-15.242198	110.267364
-15.217193	110.273835
-15.192187	110.280283
-15.167182	110.286707
-15.142176	110.293116
-15.117171	110.300764
-15.092166	110.308335
-15.067160	110.316254
-15.042155	110.324486
-15.017149	110.332618
-14.992144	110.340651
-14.967139	110.348584
-14.942133	110.356418
-14.917128	110.364152
-14.892122	110.371787
-14.867117	110.379322
-14.842111	110.386757
-14.817106	110.394093
-14.792101	110.401329
-14.767095	110.408328
-14.742090	110.415194
-14.717084	110.421823
-14.692079	110.428085
-14.667074	110.434222
-14.642068	110.440234
-14.617063	110.446120
-14.592057	110.451882
-14.567052	110.457518
-14.542047	110.463029
-14.517041	110.468414
-14.492036	110.473674
-14.467030	110.478810
-14.442025	110.483819
-14.417020	110.488520
-14.392014	110.493106
-14.367009	110.497563
-14.342003	110.501513
-14.316998	110.505312
-14.291992	110.508960
-14.266987	110.512457
-14.241982	110.515803
-14.216976	110.518998
-14.191971	110.522042
-14.166965	110.524936
-14.141960	110.527678
-14.116955	110.530269
-14.091949	110.532710
-14.066944	110.534941
-14.041938	110.537068
-14.016933	110.539119
-13.991928	110.541284
-13.966922	110.543315
-13.941917	110.545193
-13.916911	110.546921
-13.891906	110.548497
-13.866901	110.549921
-13.841895	110.551194
-13.816890	110.552316
-13.791884	110.553286
-13.766879	110.554105
-13.741873	110.554772
-13.716868	110.555134
-13.691863	110.555310
-13.666857	110.555387
-13.641852	110.555242
-13.616846	110.554954
-13.591841	110.554565
-13.566836	110.554077
-13.541830	110.553489
-13.516825	110.552800
-13.491819	110.552012
-13.466814	110.551123
-13.441809	110.550134
-13.416803	110.549046
-13.391798	110.547857
-13.366792	110.547120
-13.341787	110.546768
-13.316782	110.546419
-13.291776	110.546847
-13.266771	110.547920
-13.241765	110.548993
-13.216760	110.550066
-13.191755	110.551138
-13.166749	110.552209
-13.141744	110.553280
-13.116738	110.554351
-13.091733	110.555421
-13.066727	110.556490
-13.041722	110.557559
-13.016717	110.559604
-12.991711	110.562733
-12.966706	110.565962
-12.941700	110.569987
-12.916695	110.575340
-12.891690	110.580720
-12.866684	110.586126
-12.841679	110.591558
-12.816673	110.597017
-12.791668	110.602502
-12.766663	110.608012
-12.741657	110.613549
-12.716652	110.619113
-12.691646	110.624702
-12.666641	110.630790
-12.641636	110.637545
-12.616630	110.644249
-12.591625	110.650972
-12.566619	110.657976
-12.541614	110.664880
-12.516608	110.671686
-12.491603	110.678391
-12.466598	110.684997
-12.441592	110.691503
-12.416587	110.697910
-12.391581	110.704217
-12.366576	110.710425
-12.341571	110.716533
-12.316565	110.722584
-12.291560	110.728644
-12.266554	110.734630
-12.241549	110.740542
-12.216544	110.746387
-12.191538	110.752083
-12.166533	110.757630
-12.141527	110.763026
-12.116522	110.768272
-12.091517	110.773368
-12.066511	110.778314
-12.041506	110.783110
-12.016500	110.787756
-11.991495	110.792251
-11.966489	110.796566
-11.941484	110.800674
-11.916479	110.804707
-11.891473	110.808663
-11.866468	110.812597
-11.841462	110.816428
-11.816457	110.820137
-11.791452	110.823723
-11.766446	110.827186
-11.741441	110.830526
-11.716435	110.833743
-11.691430	110.836837
-11.666425	110.839808
-11.641419	110.842657
-11.616414	110.845374
-11.591408	110.847934
-11.566403	110.850391
-11.541398	110.852746
-11.516392	110.854965
-11.491387	110.857040
-11.466381	110.858992
-11.441376	110.860821
-11.416371	110.862527
-11.391365	110.864110
-11.366360	110.865571
-11.341354	110.866908
-11.316349	110.868123
-11.291343	110.869215
-11.266338	110.870202
-11.241333	110.871367
-11.216327	110.872431
-11.191322	110.873396
-11.166316	110.874427
-11.141311	110.875588
-11.116306	110.876599
-11.091300	110.877462
-11.066295	110.878175
-11.041289	110.878740
-11.016284	110.879155
-10.991279	110.879421
-10.966273	110.879538
-10.941268	110.879506
-10.916262	110.879325
-10.891257	110.880566
-10.866252	110.881819
-10.841246	110.883049
-10.816241	110.884613
-10.791235	110.887598
-10.766230	110.890508
-10.741224	110.893341
-10.716219	110.896098
-10.691214	110.898778
-10.666208	110.901383
-10.641203	110.903911
-10.616197	110.906363
-10.591192	110.908739
-10.566187	110.911038
-10.541181	110.915030
-10.516176	110.919261
-10.491170	110.923517
-10.466165	110.927802
-10.441160	110.933859
-10.416154	110.939867
-10.391149	110.945824
-10.366143	110.951731
-10.341138	110.957589
-10.316133	110.963396
-10.291127	110.969153
-10.266122	110.974860
-10.241116	110.980517
-10.216111	110.986124
-10.191105	110.992291
-10.166100	110.998622
-10.141095	111.004977
-10.116089	111.011356
-10.091084	111.017950
-10.066078	111.024570
-10.041073	111.031165
-10.016068	111.037736
-9.991062	111.044283
-9.966057	111.050805
-9.941051	111.057304
-9.916046	111.063777
-9.891041	111.070227
-9.866035	111.076652
-9.841030	111.083027
-9.816024	111.089390
-9.791019	111.095754
-9.766014	111.102119
-9.741008	111.108448
-9.716003	111.114734
-9.690997	111.120993
-9.665992	111.127226
-9.640987	111.133432
-9.615981	111.139611
-9.590976	111.145763
-9.565970	111.151889
-9.540965	111.157987
-9.515959	111.164060
-9.490954	111.170083
-9.465949	111.176090
-9.440943	111.182100
-9.415938	111.188112
-9.390932	111.194003
-9.365927	111.199690
-9.340922	111.205324
-9.315916	111.210906
-9.290911	111.216436
-9.265905	111.221913
-9.240900	111.227338
-9.215895	111.232711
-9.190889	111.238031
-9.165884	111.243298
-9.140878	111.248360
-9.115873	111.253283
-9.090868	111.258205
-9.065862	111.263128
-9.040857	111.267956
-9.015851	111.272410
-8.990846	111.276765
-8.965840	111.281020
-8.940835	111.285175
-8.915830	111.289231
-8.890824	111.293187
-8.865819	111.297044
-8.840813	111.300801
-8.815808	111.304459
-8.790803	111.307265
-8.765797	111.309038
-8.740792	111.310636
-8.715786	111.312057
-8.690781	111.313218
-8.665776	111.312009
-8.640770	111.310626
-8.615765	111.309071
-8.590759	111.307342
-8.565754	111.305441
-8.540749	111.303367
-8.515743	111.301120
-8.490738	111.298700
-8.465732	111.296107
-8.440727	111.292527
-8.415721	111.287437
-8.390716	111.282197
-8.365711	111.276808
-8.340705	111.271269
-8.315700	111.263861
-8.290694	111.256010
-8.265689	111.248033
-8.240684	111.239930
-8.215678	111.231701
-8.190673	111.223346
-8.165667	111.214866
-8.140662	111.206260
-8.115657	111.197528
-8.090651	111.188394
-8.065646	111.178585
-8.040640	111.168853
-8.015635	111.159196
-7.990630	111.149614
-7.965624	111.139642
-7.940619	111.129433
-7.915613	111.119224
-7.890608	111.109015
-7.865603	111.098806
-7.840597	111.088597
-7.815592	111.078388
-7.790586	111.068179
-7.765581	111.057970
-7.740575	111.047668
-7.715570	111.037080
-7.690565	111.026618
-7.665559	111.016282
-7.640554	111.006071
-7.615548	110.995978
-7.590543	110.985945
-7.565538	110.975963
-7.540532	110.966029
-7.515527	110.956145
-7.490521	110.946311
-7.465516	110.936526
-7.440511	110.926790
-7.415505	110.917105
-7.390500	110.907454
-7.365494	110.897777
-7.340489	110.888200
-7.315484	110.878722
-7.290478	110.869343
-7.265473	110.860049
-7.240467	110.850797
-7.215462	110.841621
-7.190456	110.832521
-7.165451	110.823496
-7.140446	110.814547
-7.115440	110.805674
-7.090435	110.796876
-7.065429	110.788154
-7.040424	110.779506
-7.015419	110.770890
-6.990413	110.762373
-6.965408	110.753955
-6.940402	110.745636
-6.915397	110.737416
-6.890392	110.729297
-6.865386	110.721278
-6.840381	110.713358
-6.815375	110.705537
-6.790370	110.697816
-6.765365	110.690195
-6.740359	110.682673
-6.715354	110.675250
-6.690348	110.667927
-6.665343	110.660926
-6.640337	110.654014
-6.615332	110.647178
-6.590327	110.640417
-6.565321	110.633732
-6.540316	110.627149
-6.515310	110.620597
-6.490305	110.614069
-6.465300	110.607565
-6.440294	110.601084
-6.415289	110.594627
-6.390283	110.588194
-6.365278	110.581785
-6.340273	110.575400
-6.315267	110.569245
-6.290262	110.563196
-6.265256	110.557222
-6.240251	110.551324
-6.215246	110.545500
-6.190240	110.540248
-6.165235	110.535255
-6.140229	110.530288
-6.115224	110.525348
-6.090219	110.520434
-6.065213	110.515546
-6.040208	110.510684
-6.015202	110.505849
-5.990197	110.501040
-5.965191	110.496431
-5.940186	110.491876
-5.915181	110.487320
-5.890175	110.482764
-5.865170	110.478208
-5.840164	110.473613
-5.815159	110.468960
-5.790154	110.464281
-5.765148	110.459577
-5.740143	110.454848
-5.715137	110.450092
-5.690132	110.445311
-5.665127	110.440504
-5.640121	110.435672
-5.615116	110.430900
-5.590110	110.426163
-5.565105	110.421427
-5.540100	110.416690
-5.515094	110.411954
-5.490089	110.407306
-5.465083	110.402846
-5.440078	110.398361
-5.415072	110.393850
-5.390067	110.389312
-5.365062	110.384748
-5.340056	110.380158
-5.315051	110.375541
-5.290045	110.370899
-5.265040	110.366337
-5.240035	110.361822
-5.215029	110.357281
-5.190024	110.352717
-5.165018	110.348128
-5.140013	110.343525
-5.115008	110.338965
-5.090002	110.334357
-5.064997	110.329699
-5.039991	110.324993
-5.014986	110.320237
-4.989981	110.315432
-4.964975	110.310579
-4.939970	110.305676
-4.914964	110.300927
-4.889959	110.296356
-4.864953	110.291786
-4.839948	110.287215
-4.814943	110.282644
-4.789937	110.278073
-4.764932	110.273526
-4.739926	110.268886
-4.714921	110.264147
-4.689916	110.259309
-4.664910	110.254372
-4.639905	110.249336
-4.614899	110.244201
-4.589894	110.238967
-4.564889	110.233576
-4.539883	110.228046
-4.514878	110.222466
-4.489872	110.216835
-4.464867	110.211155
-4.439862	110.205425
-4.414856	110.199601
-4.389851	110.193645
-4.364845	110.187564
-4.339840	110.181358
-4.314835	110.175026
-4.289829	110.168569
-4.264824	110.161987
-4.239818	110.155280
-4.214813	110.148383
-4.189807	110.141287
-4.164802	110.134141
-4.139797	110.126944
-4.114791	110.119698
-4.089786	110.112402
-4.064780	110.104923
-4.039775	110.097256
-4.014770	110.089513
-3.989764	110.081694
-3.964759	110.073798
-3.939753	110.065826
-3.914748	110.057778
-3.889743	110.049654
-3.864737	110.041463
-3.839732	110.033256
-3.814726	110.025026
-3.789721	110.016773
-3.764716	110.008495
-3.739710	110.000193
-3.714705	109.991960
-3.689699	109.983867
-3.664694	109.975726
-3.639688	109.967535
-3.614683	109.959295
-3.589678	109.951007
-3.564672	109.942669
-3.539667	109.934282
-3.514661	109.925892
-3.489656	109.917685
-3.464651	109.909452
-3.439645	109.901192
-3.414640	109.892906
-3.389634	109.884595
-3.364629	109.876296
-3.339624	109.868199
-3.314618	109.860054
-3.289613	109.851861
-3.264607	109.843620
-3.239602	109.835332
-3.214597	109.826996
-3.189591	109.818613
-3.164586	109.810206
-3.139580	109.802018
-3.114575	109.793802
-3.089569	109.785557
-3.064564	109.777283
-3.039559	109.768981
-3.014553	109.760650
-2.989548	109.752460
-2.964542	109.744208
-2.939537	109.735882
-2.914532	109.727484
-2.889526	109.719013
-2.864521	109.710470
-2.839515	109.701853
-2.814510	109.693164
-2.789505	109.684735
-2.764499	109.676303
-2.739494	109.667869
-2.714488	109.659432
-2.689483	109.650991
-2.664478	109.642548
-2.639472	109.634304
-2.614467	109.626059
-2.589461	109.617741
-2.564456	109.609350
-2.539451	109.600885
-2.514445	109.592347
-2.489440	109.583736
-2.464434	109.575051
-2.439429	109.566299
-2.414423	109.557472
-2.389418	109.548569
-2.364413	109.539590
-2.339407	109.530536
-2.314402	109.521406
-2.289396	109.512300
-2.264391	109.503197
-2.239386	109.494020
-2.214380	109.484770
-2.189375	109.475447
-2.164369	109.466050
-2.139364	109.456580
-2.114359	109.447037
-2.089353	109.437621
-2.064348	109.428150
-2.039342	109.418579
-2.014337	109.408908
-1.989332	109.399138
-1.964326	109.389268
-1.939321	109.379360
-1.914315	109.369456
-1.889310	109.359452
-1.864304	109.349348
-1.839299	109.339145
-1.814294	109.328843
-1.789288	109.318441
-1.764283	109.307939
-1.739277	109.297683
-1.714272	109.287468
-1.689267	109.277181
-1.664261	109.266821
-1.639256	109.256388
-1.614250	109.245882
-1.589245	109.235489
-1.564240	109.225878
-1.539234	109.216190
-1.514229	109.206426
-1.489223	109.196586
-1.464218	109.186670
-1.439213	109.176677
-1.414207	109.166609
-1.389202	109.157278
-1.364196	109.148294
-1.339191	109.139237
-1.314185	109.130107
-1.289180	109.120903
-1.264175	109.111626
-1.239169	109.102276
-1.214164	109.094052
-1.189158	109.085721
-1.164153	109.077264
-1.139148	109.068682
-1.114142	109.059973
-1.089137	109.051139
-1.064131	109.042180
-1.039126	109.033856
-1.014121	109.025996
-0.989115	109.018037
-0.964110	109.009979
-0.939104	109.001822
-0.914099	108.993565
-0.889094	108.985210
-0.864088	108.977928
-0.839083	108.970833
-0.814077	108.963615
-0.789072	108.956274
-0.764067	108.948811
-0.739061	108.941224
-0.714056	108.933515
-0.689050	108.926456
-0.664045	108.920086
-0.639039	108.913591
-0.614034	108.906970
-0.589029	108.900223
-0.564023	108.893350
-0.539018	108.886352
-0.514012	108.880605
-0.489007	108.875693
-0.464002	108.870707
-0.438996	108.865648
-0.413991	108.860516
-0.388985	108.855310
-0.363980	108.850031
-0.338975	108.846102
-0.313969	108.844290
-0.288964	108.842503
-0.263958	108.840739
-0.238953	108.838998
-0.213948	108.837282
-0.188942	108.835590
-0.163937	108.835411
-0.138931	108.837394
-0.113926	108.839353
-0.088920	108.841288
-0.063915	108.843200
-0.038910	108.845087
-0.013904	108.846951
0.011101	108.849933
0.036107	108.855351
0.061112	108.860720
0.086117	108.866039
0.111123	108.871309
0.136128	108.876529
0.161134	108.881700
0.186139	108.887342
0.211144	108.894791
0.236150	108.902091
0.261155	108.909241
0.286161	108.916241
0.311166	108.923092
0.336171	108.929793
0.361177	108.936629
0.386182	108.944299
0.411188	108.951869
0.436193	108.959341
0.461199	108.966714
0.486204	108.973987
0.511209	108.981162
0.536215	108.988267
0.561220	108.996645
0.586226	109.004925
0.611231	109.013105
0.636236	109.021187
0.661242	109.029169
0.686247	109.037053
0.711253	109.045015
0.736258	109.053905
0.761263	109.062644
0.786269	109.071234
0.811274	109.079674
0.836280	109.087963
0.861285	109.096103
0.886290	109.104092
0.911296	109.113049
0.936301	109.122157
0.961307	109.131190
0.986312	109.140149
1.011317	109.149032
1.036323	109.157842
1.061328	109.166658
1.086334	109.176712
1.111339	109.186642
1.136345	109.196448
1.161350	109.206131
1.186355	109.215691
1.211361	109.225127
1.236366	109.234440
1.261372	109.244379
1.286377	109.254685
1.311382	109.264941
1.336388	109.275148
1.361393	109.285306
1.386399	109.295414
1.411404	109.305472
1.436409	109.315982
1.461415	109.326408
1.486420	109.336734
1.511426	109.346960
1.536431	109.357087
1.561436	109.367114
1.586442	109.377042
1.611447	109.386876
1.636453	109.396653
1.661458	109.406381
1.686464	109.416058
1.711469	109.425685
1.736474	109.435262
1.761480	109.444790
1.786485	109.454340
1.811491	109.463827
1.836496	109.473241
1.861501	109.482582
1.886507	109.491849
1.911512	109.501043
1.936518	109.510163
1.961523	109.519231
1.986528	109.528269
2.011534	109.537209
2.036539	109.546049
2.061545	109.554789
2.086550	109.563430
2.111555	109.571971
2.136561	109.580627
2.161566	109.589303
2.186572	109.597954
2.211577	109.606579
2.236583	109.615179
2.261588	109.623752
2.286593	109.632300
2.311599	109.640837
2.336604	109.649575
2.361610	109.658263
2.386615	109.666901
2.411620	109.675488
2.436626	109.684025
2.461631	109.692511
2.486637	109.701078
2.511642	109.709649
2.536647	109.718170
2.561653	109.726643
2.586658	109.735066
2.611664	109.743440
2.636669	109.751766
2.661674	109.760042
2.686680	109.768460
2.711685	109.776905
2.736691	109.785349
2.761696	109.793794
2.786701	109.802238
2.811707	109.810683
2.836712	109.819238
2.861718	109.827819
2.886723	109.836349
2.911729	109.844829
2.936734	109.853259
2.961739	109.861639
2.986745	109.869969
3.011750	109.878249
3.036756	109.886665
3.061761	109.895146
3.086766	109.903604
3.111772	109.912039
3.136777	109.920451
3.161783	109.928840
3.186788	109.937254
3.211793	109.945662
3.236799	109.954020
3.261804	109.962328
3.286810	109.970586
3.311815	109.978795
3.336820	109.986953
3.361826	109.995061
3.386831	110.003203
3.411837	110.011390
3.436842	110.019530
3.461848	110.027622
3.486853	110.035668
3.511858	110.043666
3.536864	110.051731
3.561869	110.059901
3.586875	110.068044
3.611880	110.076161
3.636885	110.084252
3.661891	110.092317
3.686896	110.100355
3.711902	110.108368
3.736907	110.116260
3.761912	110.123845
3.786918	110.131331
3.811923	110.138718
3.836929	110.146005
3.861934	110.153194
3.886939	110.160120
3.911945	110.166690
3.936950	110.173186
3.961956	110.179609
3.986961	110.185957
4.011967	110.192232
4.036972	110.198433
4.061977	110.204560
4.086983	110.210588
4.111988	110.216278
4.136994	110.221868
4.161999	110.227359
4.187004	110.232751
4.212010	110.238043
4.237015	110.243216
4.262021	110.248308
4.287026	110.253399
4.312031	110.258491
4.337037	110.263583
4.362042	110.268674
4.387048	110.273766
4.412053	110.278857
4.437058	110.283949
4.462064	110.288827
4.487069	110.293635
4.512075	110.298396
4.537080	110.303109
4.562085	110.307774
4.587091	110.312349
4.612096	110.316735
4.637102	110.321122
4.662107	110.325509
4.687113	110.329896
4.712118	110.334284
4.737123	110.338673
4.762129	110.343061
4.787134	110.347451
4.812140	110.351960
4.837145	110.356519
4.862150	110.361078
4.887156	110.365637
4.912161	110.370197
4.937167	110.374748
4.962172	110.379224
4.987177	110.383676
5.012183	110.388104
5.037188	110.392508
5.062194	110.396887
5.087199	110.401242
5.112204	110.405572
5.137210	110.409878
5.162215	110.414215
5.187221	110.418598
5.212226	110.422981
5.237232	110.427364
5.262237	110.431747
5.287242	110.436135
5.312248	110.440688
5.337253	110.445243
5.362259	110.449798
5.387264	110.454353
5.412269	110.458909
5.437275	110.463465
5.462280	110.468022
5.487286	110.472580
5.512291	110.477137
5.537296	110.481694
5.562302	110.486250
5.587307	110.490806
5.612313	110.495361
5.637318	110.499916
5.662323	110.504706
5.687329	110.509535
5.712334	110.514390
5.737340	110.519272
5.762345	110.524180
5.787351	110.529114
5.812356	110.534075
5.837361	110.539061
5.862367	110.544145
5.887372	110.549774
5.912378	110.555476
5.937383	110.561252
5.962388	110.567101
5.987394	110.573023
6.012399	110.579257
6.037405	110.585582
6.062410	110.591957
6.087415	110.598381
6.112421	110.604855
6.137426	110.611378
6.162432	110.617951
6.187437	110.624573
6.212442	110.631244
6.237448	110.638091
6.262453	110.645019
6.287459	110.652020
6.312464	110.659094
6.337469	110.666242
6.362475	110.673526
6.387480	110.680925
6.412486	110.688424
6.437491	110.696022
6.462497	110.703720
6.487502	110.711517
6.512507	110.719413
6.537513	110.727410
6.562518	110.735505
6.587524	110.743781
6.612529	110.752140
6.637534	110.760549
6.662540	110.769007
6.687545	110.777515
6.712551	110.786298
6.737556	110.795274
6.762561	110.804350
6.787567	110.813525
6.812572	110.822799
6.837578	110.832172
6.862583	110.841644
6.887588	110.851215
6.912594	110.860885
6.937599	110.870593
6.962605	110.880330
6.987610	110.890143
7.012616	110.900031
7.037621	110.909995
7.062626	110.919714
7.087632	110.929296
7.112637	110.938953
7.137643	110.948687
7.162648	110.958495
7.187653	110.968380
7.212659	110.978340
7.237664	110.988376
7.262670	110.998487
7.287675	111.008551
7.312680	111.018466
7.337686	111.028457
7.362691	111.038522
7.387697	111.048663
7.412702	111.058937
7.437707	111.069323
7.462713	111.079758
7.487718	111.090243
7.512724	111.100777
7.537729	111.111360
7.562735	111.121994
7.587740	111.132677
7.612745	111.143409
7.637751	111.154077
7.662756	111.164167
7.687762	111.174234
7.712767	111.184278
7.737772	111.194298
7.762778	111.203636
7.787783	111.212033
7.812789	111.220357
7.837794	111.228608
7.862799	111.236787
7.887805	111.244893
7.912810	111.252926
7.937816	111.260886
7.962821	111.268773
7.987826	111.276588
8.012832	111.282271
8.037837	111.287716
8.062843	111.292984
8.087848	111.298077
8.112853	111.302126
8.137859	111.304312
8.162864	111.306302
8.187870	111.308095
8.212875	111.309692
8.237881	111.311093
8.262886	111.312298
8.287891	111.313307
8.312897	111.314119
8.337902	111.314735
8.362908	111.313551
8.387913	111.311771
8.412918	111.309864
8.437924	111.307831
8.462929	111.305337
8.487935	111.301775
8.512940	111.298137
8.537945	111.294423
8.562951	111.290633
8.587956	111.286768
8.612962	111.282827
8.637967	111.278810
8.662972	111.274718
8.687978	111.270549
8.712983	111.265841
8.737989	111.260765
8.762994	111.255666
8.788000	111.250543
8.813005	111.245316
8.838010	111.239686
8.863016	111.234052
8.888021	111.228416
8.913027	111.222776
8.938032	111.217134
8.963037	111.211489
8.988043	111.205841
9.013048	111.200190
9.038054	111.194536
9.063059	111.188741
9.088064	111.182728
9.113070	111.176716
9.138075	111.170704
9.163081	111.164669
9.188086	111.158376
9.213091	111.152108
9.238097	111.145867
9.263102	111.139651
9.288108	111.133461
9.313113	111.127296
9.338119	111.121158
9.363124	111.115044
9.388129	111.108957
9.413135	111.102837
9.438140	111.096492
9.463146	111.090146
9.488151	111.083801
9.513156	111.077455
9.538162	111.070930
9.563167	111.064404
9.588173	111.057878
9.613178	111.051351
9.638183	111.044824
9.663189	111.038296
9.688194	111.031768
9.713200	111.025239
9.738205	111.018710
9.763210	111.012180
9.788216	111.005689
9.813221	110.999174
9.838227	110.992635
9.863232	110.986074
9.888237	110.980245
9.913243	110.974513
9.938248	110.968806
9.963254	110.963125
9.988259	110.957470
10.013265	110.951840
10.038270	110.946236
10.063275	110.940658
10.088281	110.935106
10.113286	110.929579
10.138292	110.925297
10.163297	110.921255
10.188302	110.917163
10.213308	110.913021
10.238313	110.910192
10.263319	110.907622
10.288324	110.905029
10.313329	110.902411
10.338335	110.899770
10.363340	110.897105
10.388346	110.894416
10.413351	110.891703
10.438356	110.888966
10.463362	110.886206
10.488367	110.884489
10.513373	110.883348
10.538378	110.882110
10.563384	110.880774
10.588389	110.880527
10.613394	110.880594
10.638400	110.880559
10.663405	110.880422
10.688411	110.880184
10.713416	110.879843
10.738421	110.879400
10.763427	110.878856
10.788432	110.878209
10.813438	110.877461
10.838443	110.876836
10.863448	110.876415
10.888454	110.875895
10.913459	110.875275
10.938465	110.874445
10.963470	110.873457
10.988475	110.872369
11.013481	110.871182
11.038486	110.869895
11.063492	110.868508
11.088497	110.867022
11.113503	110.865437
11.138508	110.863752
11.163513	110.861967
11.188519	110.860001
11.213524	110.857665
11.238530	110.855229
11.263535	110.852694
11.288540	110.849792
11.313546	110.846608
11.338551	110.843349
11.363557	110.840015
11.388562	110.836605
11.413567	110.833120
11.438573	110.829560
11.463578	110.825925
11.488584	110.822214
11.513589	110.818428
11.538594	110.814555
11.563600	110.810297
11.588605	110.805940
11.613611	110.801482
11.638616	110.796913
11.663621	110.792234
11.688627	110.787456
11.713632	110.782579
11.738638	110.777603
11.763643	110.772528
11.788649	110.767353
11.813654	110.762080
11.838659	110.756708
11.863665	110.751236
11.888670	110.745666
11.913676	110.739838
11.938681	110.733881
11.963686	110.727826
11.988692	110.721548
12.013697	110.715002
12.038703	110.708381
12.063708	110.701684
12.088713	110.694913
12.113719	110.688066
12.138724	110.681144
12.163730	110.674147
12.188735	110.667074
12.213740	110.659926
12.238746	110.652703
12.263751	110.645522
12.288757	110.638328
12.313762	110.631061
12.338768	110.624135
12.363773	110.618143
12.388778	110.612225
12.413784	110.606380
12.438789	110.600609
12.463795	110.594911
12.488800	110.589286
12.513805	110.583735
12.538811	110.578257
12.563816	110.572852
12.588822	110.567521
12.613827	110.563186
12.638832	110.559967
12.663838	110.556775
12.688843	110.553983
12.713849	110.552511
12.738854	110.551089
12.763859	110.549717
12.788865	110.548395
12.813870	110.547123
12.838876	110.545901
12.863881	110.544729
12.888887	110.543607
12.913892	110.542535
12.938897	110.541513
12.963903	110.540939
12.988908	110.541469
13.013914	110.541998
13.038919	110.542636
13.063924	110.543894
13.088930	110.545079
13.113935	110.546191
13.138941	110.547231
13.163946	110.548197
13.188951	110.549091
13.213957	110.549912
13.238962	110.550660
13.263968	110.551335
13.288973	110.551937
13.313978	110.552422
13.338984	110.552234
13.363989	110.551895
13.388995	110.551390
13.414000	110.550538
13.439005	110.549612
13.464011	110.548612
13.489016	110.547539
13.514022	110.546393
13.539027	110.545174
13.564033	110.543881
13.589038	110.542514
13.614043	110.541075
13.639049	110.539562
13.664054	110.537975
13.689060	110.536226
13.714065	110.534319
13.739070	110.532259
13.764076	110.529668
13.789081	110.526986
13.814087	110.524230
13.839092	110.521397
13.864097	110.518489
13.889103	110.515504
13.914108	110.512445
13.939114	110.509309
13.964119	110.506098
13.989124	110.502811
14.014130	110.499448
14.039135	110.495452
14.064141	110.491064
14.089146	110.486526
14.114152	110.481340
14.139157	110.476012
14.164162	110.470610
14.189168	110.465135
14.214173	110.459588
14.239179	110.453968
14.264184	110.448275
14.289189	110.442509
14.314195	110.436671
14.339200	110.430759
14.364206	110.424775
14.389211	110.418494
14.414216	110.411856
14.439222	110.405065
14.464227	110.397787
14.489233	110.390343
14.514238	110.382825
14.539243	110.375234
14.564249	110.367569
14.589254	110.359831
14.614260	110.352020
14.639265	110.344135
14.664271	110.336177
14.689276	110.328146
14.714281	110.320041
14.739287	110.312075
14.764292	110.304521
14.789298	110.296894
14.814303	110.289973
14.839308	110.283401
14.864314	110.276879
14.889319	110.270407
14.914325	110.263986
14.939330	110.257614
14.964335	110.251292
14.989341	110.245020
15.014346	110.238798
15.039352	110.232627
15.064357	110.226505
15.089362	110.220561
15.114368	110.215652
15.139373	110.210719
15.164379	110.206677
15.189384	110.203179
15.214389	110.199681
15.239395	110.196183
15.264400	110.192686
15.289406	110.189188
15.314411	110.185690
15.339417	110.182192
15.364422	110.178694
15.389427	110.175196
15.414433	110.171698
15.439438	110.168200
15.464444	110.165335
15.489449	110.162524
15.514454	110.159554
15.539460	110.156486
15.564465	110.153468
15.589471	110.150500
15.614476	110.147581
15.639481	110.144711
15.664487	110.141891
15.689492	110.139120
15.714498	110.136399
15.739503	110.133728
15.764508	110.131106
15.789514	110.128533
15.814519	110.125558
15.839525	110.122374
15.864530	110.118865
15.889536	110.115029
15.914541	110.111217
15.939546	110.107429
15.964552	110.103665
15.989557	110.099924
16.014563	110.096208
16.039568	110.092515
16.064573	110.088846
16.089579	110.085201
16.114584	110.081580
16.139590	110.077983
16.164595	110.074066
16.189600	110.069835
16.214606	110.065348
16.239611	110.060471
16.264617	110.055617
16.289622	110.050787
16.314627	110.045980
16.339633	110.041196
16.364638	110.036436
16.389644	110.031699
16.414649	110.026986
16.439655	110.022296
16.464660	110.017629
16.489665	110.012985
16.514671	110.008036
16.539676	110.002419
16.564682	109.996477
16.589687	109.989811
16.614692	109.983145
16.639698	109.976480
16.664703	109.969815
16.689709	109.963151
16.714714	109.956488
16.739719	109.949825
16.764725	109.943162
16.789730	109.936500
16.814736	109.929839
16.839741	109.923178
16.864746	109.916406
16.889752	109.908926
16.914757	109.900988
16.939763	109.891516
16.964768	109.882017
16.989773	109.872492
17.014779	109.862941
17.039784	109.853364
17.064790	109.843761
17.089795	109.834131
17.114801	109.824476
17.139806	109.814794
17.164811	109.805086
17.189817	109.795351
17.214822	109.785591
17.239828	109.772787
17.264833	109.759465
17.289838	109.743721
17.314844	109.727925
17.339849	109.712079
17.364855	109.696180
17.389860	109.680231
17.414865	109.664230
17.439871	109.648178
17.464876	109.632074
17.489882	109.615919
17.514887	109.599712
17.539892	109.583454
17.564898	109.567145
17.589903	109.549572
17.614909	109.531568
17.639914	109.511908
17.664920	109.492299
17.689925	109.472739
17.714930	109.453229
17.739936	109.433769
17.764941	109.414359
17.789947	109.394999
17.814952	109.375689
17.839957	109.356430
17.864963	109.337220
17.889968	109.318060
17.914974	109.298951
17.939979	109.279484
17.964984	109.259776
17.989990	109.239694
18.014995	109.219707
18.040001	109.199847
18.065006	109.180112
18.090011	109.160504
18.115017	109.141023
18.140022	109.121667
18.165028	109.102438
18.190033	109.083335
18.215039	109.064358
18.240044	109.045507
18.265049	109.026783
18.290055	109.007744
18.315060	108.988042
18.340066	108.967879
18.365071	108.947747
18.390076	108.927742
18.415082	108.907861
18.440087	108.888107
18.465093	108.868478
18.490098	108.848975
18.515103	108.829598
18.540109	108.810347
18.565114	108.791221
18.590120	108.772221
18.615125	108.753346
18.640130	108.734595
18.665136	108.715971
18.690141	108.697073
18.715147	108.678173
18.740152	108.659396
18.765157	108.640743
18.790163	108.622213
18.815168	108.603806
18.840174	108.585523
18.865179	108.567363
18.890185	108.549327
18.915190	108.531414
18.940195	108.513624
18.965201	108.495958
18.990206	108.478415
19.015212	108.460132
19.040217	108.441579
19.065222	108.423014
19.090228	108.404598
19.115233	108.386331
19.140239	108.368213
19.165244	108.350244
19.190249	108.332425
19.215255	108.314754
19.240260	108.297232
19.265266	108.279860
19.290271	108.262636
19.315276	108.245562
19.340282	108.228636
19.365287	108.210902
19.390293	108.192246
19.415298	108.173178
19.440304	108.154185
19.465309	108.135265
19.490314	108.116419
19.515320	108.097647
19.540325	108.078949
19.565331	108.060325
19.590336	108.041775
19.615341	108.023298
19.640347	108.004896
19.665352	107.986567
19.690358	107.968313
19.715363	107.950049
19.740368	107.931394
19.765374	107.912399
19.790379	107.893404
19.815385	107.874410
19.840390	107.855417
19.865395	107.836423
19.890401	107.817431
19.915406	107.798438
19.940412	107.779447
19.965417	107.760455
19.990423	107.741465
20.015428	107.722474
20.040433	107.703484
20.065439	107.684211
20.090444	107.664408
20.115450	107.644464
20.140455	107.624570
20.165460	107.604726
20.190466	107.584932
20.215471	107.565187
20.240477	107.545493
20.265482	107.525849
20.290487	107.506255
20.315493	107.486711
20.340498	107.467217
20.365504	107.447773
20.390509	107.428379
20.415514	107.408620
20.440520	107.386930
20.465525	107.364406
20.490531	107.341882
20.515536	107.319359
20.540541	107.296835
20.565547	107.274311
20.590552	107.251788
20.615558	107.229264
20.640563	107.206740
20.665569	107.184217
20.690574	107.161693
20.715579	107.139169
20.740585	107.116646
20.765590	107.094119
20.790596	107.071029
20.815601	107.046735
20.840606	107.022418
20.865612	106.998077
20.890617	106.973712
20.915623	106.949323
20.940628	106.924910
20.965633	106.900473
20.990639	106.876013
21.015644	106.851529
21.040650	106.827021
21.065655	106.802489
21.090660	106.777933
21.115666	106.753353
21.140671	106.727409
21.165677	106.700298
21.190682	106.673140
21.215688	106.645934
21.240693	106.618680
21.265698	106.591379
21.290704	106.564030
21.315709	106.536633
21.340715	106.509188
21.365720	106.481696
21.390725	106.454156
21.415731	106.426569
21.440736	106.398934
21.465742	106.371251
21.490747	106.341743
21.515752	106.310131
21.540758	106.278517
21.565763	106.246900
21.590769	106.215281
21.615774	106.183659
21.640779	106.152035
21.665785	106.120409
21.690790	106.088780
21.715796	106.057149
21.740801	106.025515
21.765807	105.993880
21.790812	105.962241
21.815817	105.930601
21.840823	105.898712
21.865828	105.864520
21.890834	105.830268
21.915839	105.795966
21.940844	105.761615
21.965850	105.727214
21.990855	105.692764
22.015861	105.658264
22.040866	105.623715
22.065871	105.589116
22.090877	105.554467
22.115882	105.519769
22.140888	105.485022
22.165893	105.450225
22.190898	105.414725
22.215904	105.376409
22.240909	105.337891
22.265915	105.299249
22.290920	105.260484
22.315925	105.221594
22.340931	105.182581
22.365936	105.143444
22.390942	105.104183
22.415947	105.064798
22.440953	105.025289
22.465958	104.985656
22.490963	104.945900
22.515969	104.906019
22.540974	104.865955
22.565980	104.822954
22.590985	104.779477
22.615990	104.735923
22.640996	104.692293
22.666001	104.648587
22.691007	104.604804
22.716012	104.560946
22.741017	104.517011
22.766023	104.473000
22.791028	104.428913
22.816034	104.384749
22.841039	104.340510
22.866044	104.296194
22.891050	104.251802
22.916055	104.204681
22.941061	104.156709
22.966066	104.108611
22.991072	104.060388
23.016077	104.012039
23.041082	103.963564
23.066088	103.914964
23.091093	103.866237
23.116099	103.817385
23.141104	103.768407
23.166109	103.719304
23.191115	103.670074
23.216120	103.620719
23.241126	103.571238
23.266131	103.518893
23.291136	103.464906
23.316142	103.410622
23.341147	103.356040
23.366153	103.301160
23.391158	103.245982
23.416163	103.190507
23.441169	103.134735
23.466174	103.078664
23.491180	103.022297
23.516185	102.965631
23.541191	102.908668
23.566196	102.851407
23.591201	102.793848
23.616207	102.732610
23.641212	102.668093
23.666218	102.603401
23.691223	102.538534
23.716228	102.473493
23.741234	102.408277
23.766239	102.342886
23.791245	102.277320
23.816250	102.211579
23.841255	102.145664
23.866261	102.079574
23.891266	102.013309
23.916272	101.946870
23.941277	101.880255
23.966282	101.812627
23.991288	101.743913
24.016293	101.675200
24.041299	101.606488
24.066304	101.537776
24.091309	101.469064
24.116315	101.400354
24.141320	101.331643
24.166326	101.262933
24.191331	101.194224
24.216337	101.125515
24.241342	101.056807
24.266347	100.988099
24.291353	100.919392
24.316358	100.850601
24.341364	100.780965
24.366369	100.711253
24.391374	100.641464
24.416380	100.571600
24.441385	100.501659
24.466391	100.431642
24.491396	100.361548
24.516401	100.291379
24.541407	100.221133
24.566412	100.150811
24.591418	100.080413
24.616423	100.009939
24.641428	99.939388
24.666434	99.868008
24.691439	99.791752
24.716445	99.714919
24.741450	99.637839
24.766456	99.560512
24.791461	99.482939
24.816466	99.405119
24.841472	99.327052
24.866477	99.248738
24.891483	99.170177
24.916488	99.091370
24.941493	99.012316
24.966499	98.933015
24.991504	98.853467
25.016510	98.772659
25.041515	98.686405
25.066520	98.598963
25.091526	98.510953
25.116531	98.422374
25.141537	98.333227
25.166542	98.243510
25.191547	98.153225
25.216553	98.062371
25.241558	97.970949
25.266564	97.878958
25.291569	97.786398
25.316575	97.693269
25.341580	97.599572
25.366585	97.504026
25.391591	97.392713
25.416596	97.273525
25.441602	97.152751
25.466607	97.030390
25.491612	96.906443
25.516618	96.780909
25.541623	96.653789
25.566629	96.525083
25.591634	96.394790
25.616639	96.262910
25.641645	96.129445
25.666650	95.994392
25.691656	95.857754
25.716661	95.718255
25.741666	95.543842
25.766672	95.345205
25.791677	95.138695
25.816683	94.924311
25.841688	94.702053
25.866693	94.471922
25.891699	94.233918
25.916704	93.988040
25.941710	93.734288
25.966715	93.472663
25.991721	93.203164
26.016726	92.925792
26.041731	92.640546
26.066737	92.347427
26.091742	91.926703
26.116748	91.383306
26.141753	90.818909
26.166758	90.233510
26.191764	89.627111
26.216769	88.999711
26.241775	88.351310
26.266780	87.681908
26.291785	86.991506
26.316791	86.280102
26.341796	85.547698
26.366802	84.794293
26.391807	84.019886
26.416812	83.224479
26.441818	82.269589
26.466823	81.138741
26.491829	79.984220
26.516834	78.815480
26.541840	77.632520
26.566845	76.435342
26.591850	75.223945
26.616856	73.998328
26.641861	72.758493
26.666867	71.504439
26.691872	70.236166
26.716877	68.953673
26.741883	67.656962
26.766888	66.346032
26.791894	64.988673
26.816899	63.604851
26.841904	62.223126
26.866910	60.849733
26.891915	59.484672
26.916921	58.127943
26.941926	56.779546
26.966931	55.439480
26.991937	54.107747
27.016942	52.784345
27.041948	51.469276
27.066953	50.162538
27.091959	48.864132
27.116964	47.574058
27.141969	46.375852
27.166975	45.288854
27.191980	44.270510
27.216986	43.271645
27.241991	42.292261
27.266996	41.332356
27.292002	40.391932
27.317007	39.470987
27.342013	38.569523
27.367018	37.687538
27.392023	36.825034
27.417029	35.982009
27.442034	35.158464
27.467040	34.354400
27.492045	33.642505
27.517050	33.032292
27.542056	32.507531
27.567061	31.995046
27.592067	31.494838
27.617072	31.006906
27.642077	30.531251
27.667083	30.067873
27.692088	29.616771
27.717094	29.177945
27.742099	28.751396
27.767105	28.337124
27.792110	27.935128
27.817115	27.545408
27.842121	27.197645
27.867126	26.893728
27.892132	26.641728
27.917137	26.394254
27.942142	26.151306
27.967148	25.912885
27.992153	25.678991
28.017159	25.449623
28.042164	25.224782
28.067169	25.004468
28.092175	24.788680
28.117180	24.577419
28.142186	24.370684
28.167191	24.168476
28.192196	23.979727
28.217202	23.804929
28.242207	23.646910
28.267213	23.490282
28.292218	23.334607
28.317224	23.179883
28.342229	23.026111
28.367234	22.873291
28.392240	22.721423
28.417245	22.570507
28.442251	22.420542
28.467256	22.271530
28.492261	22.123470
28.517267	21.976362
28.542272	21.831330
28.567278	21.688973
28.592283	21.549010
28.617288	21.409782
28.642294	21.270732
28.667299	21.131859
28.692305	20.993164
28.717310	20.854647
28.742315	20.716307
28.767321	20.578145
28.792326	20.440160
28.817332	20.302353
28.842337	20.164724
28.867343	20.027272
28.892348	19.889389
28.917353	19.750005
28.942359	19.610995
28.967364	19.472060
28.992370	19.332899
29.017375	19.193512
29.042380	19.053901
29.067386	18.914064
29.092391	18.774002
29.117397	18.633715
29.142402	18.493202
29.167407	18.352465
29.192413	18.211502
29.217418	18.070313
29.242424	17.929006
29.267429	17.788021
29.292434	17.646860
29.317440	17.505475
29.342445	17.364065
29.367451	17.222632
29.392456	17.081174
29.417461	16.939691
29.442467	16.798185
29.467472	16.656654
29.492478	16.515099
29.517483	16.373519
29.542489	16.231915
29.567494	16.090287
29.592499	15.948615
29.617505	15.806684
29.642510	15.664125
29.667516	15.519427
29.692521	15.374456
29.717526	15.229212
29.742532	15.083695
29.767537	14.937906
29.792543	14.791843
29.817548	14.645507
29.842553	14.498899
29.867559	14.352017
29.892564	14.204863
29.917570	14.057436
29.942575	13.909612
29.967580	13.755811
29.992586	13.601990
30.017591	13.446240
30.042597	13.290954
30.067602	13.136133
30.092608	12.981776
30.117613	12.827884
30.142618	12.674456
30.167624	12.521493
30.192629	12.368994
30.217635	12.216960
30.242640	12.065390
30.267645	11.914284
30.292651	11.763643
30.317656	11.620514
30.342662	11.479561
30.367667	11.347362
30.392672	11.219224
30.417678	11.093615
30.442683	10.970536
30.467689	10.849988
30.492694	10.731969
30.517699	10.616480
30.542705	10.503521
30.567710	10.393093
30.592716	10.285194
30.617721	10.179825
30.642727	10.076986
30.667732	9.981427
30.692737	9.889762
30.717743	9.806501
30.742748	9.728725
30.767754	9.652996
30.792759	9.579313
30.817764	9.507676
30.842770	9.438086
30.867775	9.370542
30.892781	9.305045
30.917786	9.241594
30.942791	9.180190
30.967797	9.120832
30.992802	9.063520
31.017808	9.014507
31.042813	8.968229
31.067818	8.923317
31.092824	8.879823
31.117829	8.836681
31.142835	8.793891
31.167840	8.751455
31.192845	8.709372
31.217851	8.667641
31.242856	8.626263
31.267862	8.585238
31.292867	8.544566
31.317873	8.504247
31.342878	8.464280
31.367883	8.427503
31.392889	8.392301
31.417894	8.357728
31.442900	8.324700
31.467905	8.291796
31.492910	8.259017
31.517916	8.226364
31.542921	8.193836
31.567927	8.161433
31.592932	8.129155
31.617937	8.097003
31.642943	8.064975
31.667948	8.033073
31.692954	8.001296
31.717959	7.968697
31.742964	7.935588
31.767970	7.902687
31.792975	7.871255
31.817981	7.839949
31.842986	7.808768
31.867992	7.777712
31.892997	7.746781
31.918002	7.715975
31.943008	7.685295
31.968013	7.654740
31.993019	7.624310
32.018024	7.594005
32.043029	7.563826
32.068035	7.534483
32.093040	7.505942
32.118046	7.477500
32.143051	7.448356
32.168056	7.419148
32.193062	7.390017
32.218067	7.360961
32.243073	7.331982
32.268078	7.303079
32.293083	7.274253
32.318089	7.245502
32.343094	7.216828
32.368100	7.188230
32.393105	7.159708
32.418111	7.131200
32.443116	7.102680
32.468121	7.074233
32.493127	7.047130
32.518132	7.020767
32.543138	6.994481
32.568143	6.968270
32.593148	6.942134
32.618154	6.916075
32.643159	6.890091
32.668165	6.864182
32.693170	6.838350
32.718175	6.812593
32.743181	6.786912
32.768186	6.761054
32.793192	6.734787
32.818197	6.708619
32.843202	6.681876
32.868208	6.654433
32.893213	6.627066
32.918219	6.599776
32.943224	6.572561
32.968229	6.545423
32.993235	6.518361
33.018240	6.491375
33.043246	6.464466
33.068251	6.437633
33.093257	6.410875
33.118262	6.384494
33.143267	6.359097
33.168273	6.333775
33.193278	6.308551
33.218284	6.283434
33.243289	6.258344
33.268294	6.233280
33.293300	6.208243
33.318305	6.183232
33.343311	6.158248
33.368316	6.133291
33.393321	6.108361
33.418327	6.083457
33.443332	6.058580
33.468338	6.033995
33.493343	6.010864
33.518348	5.987856
33.543354	5.965151
33.568359	5.944665
33.593365	5.924228
33.618370	5.903841
33.643376	5.883504
33.668381	5.863216
33.693386	5.842978
33.718392	5.822789
33.743397	5.802650
33.768403	5.782561
33.793408	5.762521
33.818413	5.742392
33.843419	5.720662
33.868424	5.699009
33.893430	5.677433
33.918435	5.655033
33.943440	5.632587
33.968446	5.610214
33.993451	5.587913
34.018457	5.565685
34.043462	5.543529
34.068467	5.521446
34.093473	5.499434
34.118478	5.477495
34.143484	5.455629
34.168489	5.433835
34.193495	5.412313
34.218500	5.390844
34.243505	5.369424
34.268511	5.347755
34.293516	5.326045
34.318522	5.304434
34.343527	5.282922
34.368532	5.261509
34.393538	5.240195
34.418543	5.218981
34.443549	5.197865
34.468554	5.176848
34.493559	5.155930
34.518565	5.135111
34.543570	5.116215
34.568576	5.097563
34.593581	5.078960
34.618586	5.060841
34.643592	5.043206
34.668597	5.025621
34.693603	5.008085
34.718608	4.990599
34.743613	4.973162
34.768619	4.955775
34.793624	4.938437
34.818630	4.921149
34.843635	4.903910
34.868641	4.886721
34.893646	4.868231
34.918651	4.849537
34.943657	4.830943
34.968662	4.812462
34.993668	4.794062
35.018673	4.775688
35.043678	4.757339
35.068684	4.739016
35.093689	4.720719
35.118695	4.702448
35.143700	4.684202
35.168705	4.665982
35.193711	4.647787
35.218716	4.629619
35.243722	4.612600
35.268727	4.596037
35.293732	4.579524
35.318738	4.563045
35.343743	4.546501
35.368749	4.530032
35.393754	4.513639
35.418760	4.497322
35.443765	4.481081
35.468770	4.464915
35.493776	4.448824
35.518781	4.432810
35.543787	4.416871
35.568792	4.401008
35.593797	4.384450
35.618803	4.367527
35.643808	4.350653
35.668814	4.333828
35.693819	4.317660
35.718824	4.301572
35.743830	4.285511
35.768835	4.269475
35.793841	4.253466
35.818846	4.237483
35.843851	4.221526
35.868857	4.205596
35.893862	4.189691
35.918868	4.173813
35.943873	4.157830
35.968879	4.141786
35.993884	4.125791
36.018889	4.109843
36.043895	4.093169
36.068900	4.076255
36.093906	4.059389
36.118911	4.042572
36.143916	4.025804
36.168922	4.009085
36.193927	3.992416
36.218933	3.975795
36.243938	3.959223
36.268943	3.942700
36.293949	3.926671
36.318954	3.911165
36.343960	3.895685
36.368965	3.880232
36.393970	3.864924
36.418976	3.849764
36.443981	3.834654
36.468987	3.819593
36.493992	3.804582
36.518997	3.789620
36.544003	3.774708
36.569008	3.759845
36.594014	3.745031
36.619019	3.730267
36.644025	3.715624
36.669030	3.701142
36.694035	3.686709
36.719041	3.672326
36.744046	3.658376
36.769052	3.645184
36.794057	3.631992
36.819062	3.618800
36.844068	3.605608
36.869073	3.592417
36.894079	3.579225
36.919084	3.566033
36.944089	3.552841
36.969095	3.539649
36.994100	3.526266
37.019106	3.512476
37.044111	3.498737
37.069116	3.485048
37.094122	3.471272
37.119127	3.456746
37.144133	3.442243
37.169138	3.427765
37.194144	3.413311
37.219149	3.398880
37.244154	3.384473
37.269160	3.370090
37.294165	3.355731
37.319171	3.341395
37.344176	3.327199
37.369181	3.313443
37.394187	3.299712
37.419192	3.286006
37.444198	3.272327
37.469203	3.258667
37.494208	3.245031
37.519214	3.231417
37.544219	3.217827
37.569225	3.204261
37.594230	3.190718
37.619235	3.177198
37.644241	3.163701
37.669246	3.150228
37.694252	3.136921
37.719257	3.124570
37.744263	3.112247
37.769268	3.099950
37.794273	3.087680
37.819279	3.076283
37.844284	3.065196
37.869290	3.054159
37.894295	3.043170
37.919300	3.032230
37.944306	3.021340
37.969311	3.010498
37.994317	2.999706
38.019322	2.988962
38.044327	2.978223
38.069333	2.966588
38.094338	2.954955
38.119344	2.943321
38.144349	2.931688
38.169354	2.919740
38.194360	2.907591
38.219365	2.895492
38.244371	2.883443
38.269376	2.871444
38.294381	2.859496
38.319387	2.847597
38.344392	2.835748
38.369398	2.823950
38.394403	2.812201
38.419409	2.801571
38.444414	2.791010
38.469419	2.780475
38.494425	2.769965
38.519430	2.759605
38.544436	2.749473
38.569441	2.739365
38.594446	2.729281
38.619452	2.719220
38.644457	2.709184
38.669463	2.699171
38.694468	2.689183
38.719473	2.679218
38.744479	2.669276
38.769484	2.658596
38.794490	2.647832
38.819495	2.637094
38.844500	2.626381
38.869506	2.615700
38.894511	2.605064
38.919517	2.594453
38.944522	2.583864
38.969528	2.573299
38.994533	2.562757
39.019538	2.552239
39.044544	2.541744
39.069549	2.531272
39.094555	2.520824
39.119560	2.510637
39.144565	2.500561
39.169571	2.490534
39.194576	2.480558
39.219582	2.470632
39.244587	2.460430
39.269592	2.450224
39.294598	2.440019
39.319603	2.429814
39.344609	2.419609
39.369614	2.409403
39.394619	2.399198
39.419625	2.388993
39.444630	2.378788
39.469636	2.369122
39.494641	2.359726
39.519646	2.350380
39.544652	2.341084
39.569657	2.331838
39.594663	2.322722
39.619668	2.313655
39.644674	2.304614
39.669679	2.295599
39.694684	2.286610
39.719690	2.277648
39.744695	2.268711
39.769701	2.259801
39.794706	2.250917
39.819711	2.241845
39.844717	2.232665
39.869722	2.223509
39.894728	2.214377
39.919733	2.205270
39.944738	2.196555
39.969744	2.188124
39.994749	2.179742
40.019755	2.171410
40.044760	2.163128
40.069765	2.154895
40.094771	2.146712
40.119776	2.138578
40.144782	2.130493
40.169787	2.122607
40.194793	2.114863
40.219798	2.107119
40.244803	2.099375
40.269809	2.091631
40.294814	2.083620
40.319820	2.075248
40.344825	2.066901
40.369830	2.058580
40.394836	2.050284
40.419841	2.042014
40.444847	2.033770
40.469852	2.025551
40.494857	2.017359
40.519863	2.009325
40.544868	2.001502
40.569874	1.993728
40.594879	1.986005
40.619884	1.978332
40.644890	1.970833
40.669895	1.963798
40.694901	1.956762
40.719906	1.949727
40.744912	1.942691
40.769917	1.935656
40.794922	1.928620
40.819928	1.921585
40.844933	1.914549
40.869939	1.907425
40.894944	1.900161
40.919949	1.892920
40.944955	1.885704
40.969960	1.878511
40.994966	1.871336
41.019971	1.864005
41.044976	1.856749
41.069982	1.849568
41.094987	1.842464
41.119993	1.835435
41.144998	1.828482
41.170003	1.821605
41.195009	1.814803
41.220014	1.808062
41.245020	1.801327
41.270025	1.794616
41.295030	1.787928
41.320036	1.781264
41.345041	1.774624
41.370047	1.767923
41.395052	1.761252
41.420058	1.754631
41.445063	1.748061
41.470068	1.741540
41.495074	1.735069
41.520079	1.728649
41.545085	1.722278
41.570090	1.715920
41.595095	1.709419
41.620101	1.702918
41.645106	1.696417
41.670112	1.689916
41.695117	1.683415
41.720122	1.672673
41.745128	1.657789
41.770133	1.640763
41.795139	1.621595
41.820144	1.600286
41.845149	1.576835
41.870155	1.551243
41.895160	1.523508
41.920166	0.000000
41.945171	0.000000
41.970177	0.000000
41.995182	0.000000
42.020187	0.000000
42.045193	0.000000
42.070198	0.000000
42.095204	0.000000
42.120209	0.000000
